-0.010345458984375 0.001983642578125 -0.994552612304688
-0.01129150390625 0.0019989013671875 -0.994232177734375 
-0.0109405517578125 0.00323486328125 -0.99517822265625
-0.011810302734375 0.002777099609375 -0.993850708007812
-0.0111541748046875 0.00225830078125 -0.9935302734375
-0.0110015869140625 0.0011444091796875 -0.994644165039062
-0.01226806640625 0.0020751953125 -0.9962158203125
-0.011260986328125 0.00213623046875 -0.994537353515625
-0.0121612548828125 0.0025177001953125 -0.994735717773438
-0.0122222900390625 0.0024261474609375 -0.995468139648438
-0.0121002197265625 0.0032958984375 -0.99456787109375
-0.011993408203125 0.002716064453125 -0.99395751953125
-0.011993408203125 0.0020294189453125 -0.99468994140625
-0.0121002197265625 0.0025177001953125 -0.994476318359375
-0.012725830078125 0.0009765625 -0.994354248046875
-0.0122222900390625 0.0023956298828125 -0.994659423828125
-0.0119781494140625 0.003082275390625 -0.993423461914062
-0.01202392578125 0.0022735595703125 -0.995132446289062
-0.0113372802734375 0.0025482177734375 -0.994232177734375
-0.0118865966796875 0.003204345703125 -0.993423461914062
-0.01177978515625 0.0037384033203125 -0.995193481445312
-0.01177978515625 0.0037384033203125 -0.995193481445312
-0.0124664306640625 0.003143310546875 -0.995101928710938
-0.0114593505859375 0.0023956298828125 -0.993972778320312
-0.0114593505859375 0.0023956298828125 -0.993972778320312
-0.0112152099609375 0.0025177001953125 -0.994277954101562
-0.01123046875 0.002655029296875 -0.992568969726562
-0.0116729736328125 0.0022430419921875 -0.9942626953125
-0.0125579833984375 0.00225830078125 -0.993850708007812
-0.0117950439453125 0.0016937255859375 -0.9940185546875
-0.01171875 0.0018768310546875 -0.993927001953125
-0.01171875 0.002410888671875 -0.994277954101562
-0.0121002197265625 0.00262451171875 -0.993988037109375
-0.0117645263671875 0.00152587890625 -0.994384765625
-0.01202392578125 0.0023040771484375 -0.994186401367188
-0.0120391845703125 0.00299072265625 -0.994400024414062
-0.011077880859375 0.0016632080078125 -0.994354248046875
-0.0108795166015625 0.0013580322265625 -0.99365234375
-0.011566162109375 0.003387451171875 -0.994796752929688
-0.0122222900390625 0.0028076171875 -0.9954833984375
-0.012176513671875 0.0036468505859375 -0.994354248046875
-0.0117950439453125 0.0032196044921875 -0.995010375976562
-0.011688232421875 0.00225830078125 -0.99365234375
-0.0115203857421875 0.0011138916015625 -0.994781494140625
-0.0121612548828125 0.0013885498046875 -0.994949340820312
-0.0119781494140625 0.0015411376953125 -0.9952392578125
-0.0108184814453125 0.0026702880859375 -0.993392944335938
-0.01190185546875 0.0027313232421875 -0.995147705078125
-0.01129150390625 0.00225830078125 -0.994674682617188
-0.0111541748046875 0.0028839111328125 -0.995513916015625
-0.01171875 0.0022125244140625 -0.995208740234375
-0.0122833251953125 0.0026397705078125 -0.994461059570312
-0.01275634765625 0.0017547607421875 -0.994125366210938
-0.013397216796875 0.0020751953125 -0.995071411132812
-0.0125732421875 0.0028076171875 -0.994033813476562
-0.0128021240234375 0.0024261474609375 -0.994064331054688
-0.0119476318359375 0.0015106201171875 -0.994232177734375
-0.0117034912109375 0.0025177001953125 -0.995010375976562
-0.01055908203125 0.002288818359375 -0.995773315429688
-0.0108795166015625 0.0034942626953125 -0.995681762695312
-0.0116424560546875 0.0020294189453125 -0.99371337890625
-0.01104736328125 0.002777099609375 -0.994308471679688
-0.0117950439453125 0.0026702880859375 -0.994430541992188
-0.0123291015625 0.0026397705078125 -0.995269775390625
-0.01226806640625 0.0023956298828125 -0.99481201171875
-0.0125885009765625 0.0028839111328125 -0.9923095703125
-0.0106048583984375 0.0023651123046875 -0.994949340820312
-0.0110626220703125 0.00390625 -0.995925903320312
-0.010955810546875 0.0037689208984375 -0.998779296875
-0.0081939697265625 0.0031890869140625 -0.992523193359375
-0.007476806640625 0.00408935546875 -0.990676879882812
-0.0078277587890625 0.0035400390625 -0.995132446289062
-0.0097503662109375 0.0032196044921875 -0.996047973632812
-0.012420654296875 0.0038299560546875 -0.995513916015625
-0.012237548828125 0.003387451171875 -0.995864868164062
-0.01312255859375 0.0021514892578125 -0.996017456054688
-0.013763427734375 0.001220703125 -0.994033813476562
-0.013397216796875 -0.0004119873046875 -0.992599487304688
-0.014556884765625 -0.0001220703125 -0.996841430664062
-0.0141754150390625 -0.0002899169921875 -0.9981689453125
-0.01446533203125 -0.0006103515625 -0.995697021484375
-0.01446533203125 -0.0006103515625 -0.995697021484375
-0.016082763671875 -0.000885009765625 -0.99285888671875
-0.016082763671875 -0.000885009765625 -0.99285888671875
-0.015350341796875 0.000640869140625 -0.991775512695312
-0.0145721435546875 0.00213623046875 -0.993072509765625
-0.0139007568359375 0.0032806396484375 -0.995223999023438
-0.0121002197265625 0.0045318603515625 -0.99627685546875
-0.0120849609375 0.0056610107421875 -0.994308471679688
-0.0120697021484375 0.0055389404296875 -0.995925903320312
-0.011505126953125 0.0053863525390625 -0.996124267578125
-0.0108184814453125 0.00390625 -0.995147705078125
-0.0106353759765625 0.003814697265625 -0.995834350585938
-0.01080322265625 0.001373291015625 -0.995574951171875
-0.00994873046875 0.0016326904296875 -0.995651245117188
-0.009765625 0.0010986328125 -0.9959716796875
-0.009124755859375 0.001617431640625 -0.995819091796875
-0.0090484619140625 0.00201416015625 -0.995758056640625
-0.010040283203125 0.0016632080078125 -0.994903564453125
-0.0108642578125 4.57763671875e-05 -0.995773315429688
-0.01123046875 0.0004119873046875 -0.996490478515625
-0.0118865966796875 0.0025482177734375 -0.995346069335938
-0.01153564453125 0.002044677734375 -0.996429443359375
-0.0127716064453125 0.003997802734375 -0.99554443359375
-0.0145111083984375 0.0046234130859375 -0.996170043945312
-0.0136566162109375 0.0055084228515625 -0.99365234375
-0.0147552490234375 0.00506591796875 -0.996566772460938
-0.0132293701171875 0.00384521484375 -0.996810913085938
-0.012939453125 0.00311279296875 -0.995986938476562
-0.0108489990234375 0.0012054443359375 -0.995651245117188
-0.0118408203125 0.000213623046875 -0.996002197265625
-0.011749267578125 0.0014190673828125 -0.996292114257812
-0.010650634765625 7.62939453125e-05 -0.996566772460938
-0.0101165771484375 -0.0019378662109375 -0.99456787109375
-0.0106353759765625 -0.0025482177734375 -0.997711181640625
-0.0105743408203125 -0.0010986328125 -0.9976806640625
-0.0110931396484375 0.00115966796875 -0.995071411132812
-0.0130157470703125 0.004486083984375 -0.999649047851562
-0.011383056640625 0.0055999755859375 -0.99609375
-0.0119781494140625 0.005950927734375 -0.997299194335938
-0.012420654296875 0.0046539306640625 -0.995895385742188
-0.0127105712890625 0.00347900390625 -0.99603271484375
-0.013641357421875 0.0034332275390625 -0.998031616210938
-0.0133209228515625 0.003753662109375 -0.9959716796875
-0.0116424560546875 0.0047454833984375 -0.996612548828125
-0.0111083984375 0.00384521484375 -0.996414184570312
-0.01080322265625 0.0023193359375 -0.997817993164062
-0.0109405517578125 0.0020904541015625 -0.997299194335938
-0.012054443359375 -0.0004119873046875 -0.996597290039062
-0.0118408203125 -0.000457763671875 -0.995880126953125
-0.0130157470703125 -0.0010986328125 -0.997024536132812
-0.0117034912109375 -0.0007781982421875 -1.00189208984375
-0.013763427734375 -0.0004119873046875 -0.99725341796875
-0.0132598876953125 0.0008392333984375 -0.995285034179688
-0.0128326416015625 0.00201416015625 -0.998764038085938
-0.011474609375 0.00323486328125 -1.00411987304688
-0.0108184814453125 0.0058746337890625 -0.99920654296875
0.0513763427734375 0.0368194580078125 -0.995956420898438
0.0513763427734375 0.0368194580078125 -0.995956420898438
-0.0076446533203125 0.0145721435546875 -0.991928100585938
-0.0076446533203125 0.0145721435546875 -0.991928100585938
-0.010894775390625 -0.001800537109375 -1.00428771972656
-0.002655029296875 -0.0203857421875 -0.991195678710938
-0.0140228271484375 -0.015045166015625 -1.00065612792969
-0.0041656494140625 0.0002593994140625 -1.01054382324219
0.0216522216796875 0.0024871826171875 -1.03701782226562
0.04901123046875 0.0348663330078125 -1.01266479492188
-0.027374267578125 0.016815185546875 -1.00312805175781
-0.0392608642578125 -0.0161895751953125 -1.00227355957031
-0.019500732421875 0.0015716552734375 -1.05966186523438
-0.02191162109375 -0.0160980224609375 -1.06404113769531
-0.058624267578125 -0.0324554443359375 -0.987808227539062
-0.0722198486328125 0.04058837890625 -0.970001220703125
0.000518798828125 0.06463623046875 -1.1058349609375
-0.058135986328125 0.03143310546875 -1.0540771484375
-0.080322265625 0.0055694580078125 -1.0263671875
-0.0502471923828125 0.0602874755859375 -1.03089904785156
-0.06072998046875 0.0885009765625 -1.03541564941406
-0.069488525390625 0.02587890625 -1.0125732421875
-0.123886108398438 -0.0123443603515625 -1.05540466308594
-0.1298828125 0.0233917236328125 -1.06950378417969
-0.145355224609375 0.0254364013671875 -1.03218078613281
-0.153915405273438 -0.037200927734375 -1.04072570800781
-0.118240356445312 -0.049774169921875 -1.07034301757812
-0.160964965820312 -0.036865234375 -1.08941650390625
-0.2127685546875 -0.0423736572265625 -1.06135559082031
-0.249465942382812 -0.0518798828125 -0.97003173828125
-0.238784790039062 -0.0012664794921875 -0.888778686523438
-0.235855102539062 0.0142822265625 -0.931106567382812
-0.2916259765625 0.0013885498046875 -0.964614868164062
-0.340042114257812 -0.0511627197265625 -1.00192260742188
-0.36920166015625 -0.0499114990234375 -1.02435302734375
-0.356521606445312 -0.046539306640625 -1.00244140625
-0.38250732421875 -0.0797119140625 -0.989059448242188
-0.382522583007812 -0.06646728515625 -0.98974609375
-0.410263061523438 -0.0466766357421875 -0.938491821289062
-0.468673706054688 -0.062835693359375 -0.953903198242188
-0.543365478515625 -0.123184204101562 -0.928253173828125
-0.52593994140625 -0.1043701171875 -0.846832275390625
-0.4876708984375 -0.061309814453125 -0.774139404296875
-0.5006103515625 -0.122634887695312 -0.71710205078125
-0.508407592773438 -0.16326904296875 -0.727920532226562
-0.468948364257812 -0.0418701171875 -0.862716674804688
-0.464431762695312 -0.024627685546875 -0.84442138671875
-0.527969360351562 -0.090576171875 -0.8309326171875
-0.58917236328125 -0.109527587890625 -0.801300048828125
-0.603790283203125 -0.0876922607421875 -0.792694091796875
-0.616958618164062 -0.157562255859375 -0.77691650390625
-0.620559692382812 -0.178924560546875 -0.771224975585938
-0.599227905273438 -0.17864990234375 -0.796157836914062
-0.649459838867188 -0.212081909179688 -0.774810791015625
-0.681991577148438 -0.161941528320312 -0.760787963867188
-0.694931030273438 -0.204208374023438 -0.757080078125
-0.630477905273438 -0.219497680664062 -0.7662353515625
-0.616409301757812 -0.252578735351562 -0.684814453125
-0.604873657226562 -0.342926025390625 -0.68133544921875
-0.709808349609375 -0.2420654296875 -0.644760131835938
-0.709808349609375 -0.2420654296875 -0.644760131835938
-0.728271484375 -0.20550537109375 -0.59344482421875
-0.728271484375 -0.20550537109375 -0.59344482421875
-0.68359375 -0.211212158203125 -0.662918090820312
-0.616058349609375 -0.271102905273438 -0.630844116210938
-0.632614135742188 -0.256362915039062 -0.561752319335938
-0.761886596679688 -0.267547607421875 -0.561065673828125
-0.810287475585938 -0.274871826171875 -0.554885864257812
-0.829833984375 -0.380386352539062 -0.55731201171875
-0.7227783203125 -0.37481689453125 -0.605621337890625
-0.631179809570312 -0.278305053710938 -0.485931396484375
-0.637802124023438 -0.295974731445312 -0.426254272460938
-0.656585693359375 -0.465545654296875 -0.486984252929688
-0.699005126953125 -0.517608642578125 -0.484710693359375
-0.7469482421875 -0.472335815429688 -0.501556396484375
-0.8118896484375 -0.502532958984375 -0.530929565429688
-0.72601318359375 -0.601394653320312 -0.510757446289062
-0.576736450195312 -0.637985229492188 -0.419082641601562
-0.502410888671875 -0.57281494140625 -0.328933715820312
-0.525802612304688 -0.512832641601562 -0.22882080078125
-0.542755126953125 -0.551971435546875 -0.28765869140625
-0.5576171875 -0.660125732421875 -0.361236572265625
-0.526275634765625 -0.786956787109375 -0.416366577148438
-0.450210571289062 -0.822799682617188 -0.398880004882812
-0.32916259765625 -0.750579833984375 -0.316909790039062
-0.251083374023438 -0.749160766601562 -0.26031494140625
-0.225997924804688 -0.79669189453125 -0.220382690429688
-0.194320678710938 -0.88800048828125 -0.328369140625
-0.191131591796875 -0.954208374023438 -0.3594970703125
-0.134262084960938 -0.870025634765625 -0.348663330078125
-0.0031890869140625 -0.899978637695312 -0.33160400390625
0.152252197265625 -0.975799560546875 -0.3814697265625
0.162094116210938 -1.06721496582031 -0.325607299804688
0.181015014648438 -1.01835632324219 -0.283660888671875
0.189498901367188 -0.917221069335938 -0.333724975585938
0.289382934570312 -0.848236083984375 -0.268295288085938
0.383102416992188 -0.717376708984375 -0.224166870117188
0.526260375976562 -0.829437255859375 -0.313919067382812
0.516830444335938 -0.897262573242188 -0.341262817382812
0.536224365234375 -0.854415893554688 -0.357894897460938
0.553848266601562 -0.774658203125 -0.269332885742188
0.571914672851562 -0.60888671875 -0.231277465820312
0.708480834960938 -0.563629150390625 -0.245986938476562
0.7716064453125 -0.58282470703125 -0.226089477539062
0.815521240234375 -0.601577758789062 -0.267257690429688
0.823455810546875 -0.591064453125 -0.280929565429688
0.853805541992188 -0.521331787109375 -0.254058837890625
0.876632690429688 -0.395294189453125 -0.25439453125
0.95233154296875 -0.3011474609375 -0.2288818359375
0.99755859375 -0.34661865234375 -0.219223022460938
1.02662658691406 -0.388931274414062 -0.25189208984375
0.98699951171875 -0.311660766601562 -0.266754150390625
0.875411987304688 -0.262069702148438 -0.259750366210938
0.8450927734375 -0.171401977539062 -0.266387939453125
0.866241455078125 -0.132186889648438 -0.233154296875
0.96514892578125 -0.123992919921875 -0.25982666015625
0.962677001953125 -0.173416137695312 -0.348098754882812
0.855819702148438 -0.183502197265625 -0.400726318359375
0.8050537109375 -0.13494873046875 -0.436798095703125
0.8050537109375 -0.13494873046875 -0.436798095703125
0.88250732421875 -0.052825927734375 -0.417831420898438
0.88250732421875 -0.052825927734375 -0.417831420898438
0.71820068359375 -0.0300445556640625 -0.43096923828125
0.535202026367188 0.0036163330078125 -0.519241333007812
0.491424560546875 -0.001251220703125 -0.694656372070312
0.705551147460938 -0.12060546875 -0.7498779296875
0.891143798828125 -0.134063720703125 -0.793167114257812
0.928131103515625 -0.079345703125 -0.84295654296875
0.74957275390625 -0.0092010498046875 -0.825927734375
0.51416015625 0.0237579345703125 -0.8941650390625
0.457382202148438 -0.0438995361328125 -0.982086181640625
0.47802734375 -0.04290771484375 -1.03030395507812
0.506500244140625 -0.072296142578125 -1.01181030273438
0.460830688476562 -0.0718536376953125 -1.00364685058594
0.2764892578125 -0.030426025390625 -0.980331420898438
0.180068969726562 -0.0024566650390625 -0.985809326171875
0.042144775390625 -0.0058746337890625 -1.01022338867188
-0.003021240234375 0.0190582275390625 -0.99420166015625
0.012237548828125 0.0076446533203125 -0.947479248046875
0.0158233642578125 -0.060302734375 -0.958663940429688
-0.0823974609375 -0.0364532470703125 -0.964385986328125
-0.220367431640625 -0.0359954833984375 -0.914581298828125
-0.29718017578125 -0.05743408203125 -0.9603271484375
-0.21185302734375 0.00982666015625 -0.945953369140625
-0.136154174804688 0.02911376953125 -0.915359497070312
-0.1273193359375 -0.051666259765625 -0.903533935546875
-0.198959350585938 -0.128677368164062 -0.942672729492188
-0.31231689453125 -0.105697631835938 -0.990325927734375
-0.5135498046875 -0.0826416015625 -0.939010620117188
-0.3912353515625 -0.05084228515625 -0.936431884765625
-0.298568725585938 -0.0200653076171875 -0.855514526367188
-0.16607666015625 0.0229034423828125 -0.80853271484375
-0.0738067626953125 -0.054107666015625 -0.844375610351562
-0.251449584960938 -0.09228515625 -0.904510498046875
-0.454193115234375 -0.077056884765625 -0.963699340820312
-0.635040283203125 -0.0215301513671875 -0.952606201171875
-0.566268920898438 -0.0074310302734375 -0.961502075195312
-0.396194458007812 -0.0792694091796875 -0.968994140625
-0.205276489257812 -0.185836791992188 -0.972869873046875
-0.145095825195312 -0.196929931640625 -0.972793579101562
-0.335098266601562 0.02569580078125 -0.960159301757812
-0.392379760742188 0.15325927734375 -0.831207275390625
-0.33416748046875 0.0560302734375 -0.816207885742188
-0.280303955078125 0.0106048583984375 -0.868453979492188
-0.156356811523438 -0.0173187255859375 -0.944915771484375
-0.100326538085938 -0.110687255859375 -1.02310180664062
-0.0809783935546875 -0.116165161132812 -1.16305541992188
-0.23004150390625 -0.0688629150390625 -0.952667236328125
-0.22674560546875 -0.0183868408203125 -0.648361206054688
-0.0495147705078125 -0.209854125976562 -3.21725463867188
-0.05401611328125 -0.167984008789062 -0.218154907226562
-0.0550079345703125 0.135421752929688 -1.12309265136719
0.0025177001953125 0.089630126953125 -0.963836669921875
0.00201416015625 0.0035858154296875 -1.02139282226562
-0.0056610107421875 0.0045318603515625 -0.997589111328125
-0.004669189453125 0.0078582763671875 -1.0101318359375
-0.0058135986328125 0.00885009765625 -0.99322509765625
-0.017486572265625 0.0102081298828125 -1.00534057617188
-0.017486572265625 0.0102081298828125 -1.00534057617188
-0.01275634765625 0.0023956298828125 -0.993988037109375
-0.01275634765625 0.0023956298828125 -0.993988037109375
-0.011688232421875 -9.1552734375e-05 -0.998062133789062
-0.0115203857421875 -0.00213623046875 -0.99615478515625
-0.01239013671875 -0.002227783203125 -0.993301391601562
-0.011993408203125 -0.00341796875 -0.994918823242188
-0.01220703125 -0.003997802734375 -0.995574951171875
-0.01214599609375 -0.0013885498046875 -0.9923095703125
-0.0117034912109375 0.0015716552734375 -0.996170043945312
-0.0104217529296875 0.00482177734375 -0.99603271484375
-0.0098114013671875 0.0063323974609375 -0.993362426757812
-0.0090484619140625 0.0069732666015625 -0.99505615234375
-0.009185791015625 0.0079803466796875 -0.998519897460938
-0.00897216796875 0.0088958740234375 -0.995452880859375
-0.0077972412109375 0.007659912109375 -0.990447998046875
-0.0097808837890625 0.006256103515625 -0.996002197265625
-0.0106201171875 0.0032806396484375 -0.99835205078125
-0.0121307373046875 0.0027313232421875 -0.994842529296875
-0.01202392578125 0.0024566650390625 -0.9959716796875
-0.0145416259765625 0.004302978515625 -0.997283935546875
-0.01348876953125 0.0054168701171875 -0.997085571289062
0.102981567382812 0.138824462890625 -0.986404418945312
0.05633544921875 0.076202392578125 -0.992660522460938
-0.0417633056640625 -0.044891357421875 -0.997711181640625
-0.0910186767578125 -0.09625244140625 -1.0003662109375
-0.0946044921875 -0.075103759765625 -0.991073608398438
-0.013885498046875 -0.0009002685546875 -0.994522094726562
-0.0191192626953125 -0.003326416015625 -0.9951171875
-0.017974853515625 -0.001220703125 -0.9942626953125
-0.0168304443359375 0.0004119873046875 -0.9952392578125
-0.0148773193359375 0.0042724609375 -0.993698120117188
-0.012054443359375 0.0072784423828125 -0.995269775390625
-0.0107574462890625 0.00860595703125 -0.993499755859375
-0.0072479248046875 0.00775146484375 -0.9971923828125
-0.0061798095703125 0.0068206787109375 -0.995880126953125
-0.00311279296875 0.0067291259765625 -0.994186401367188
-0.0015411376953125 0.0069122314453125 -0.993896484375
-0.004119873046875 0.0043487548828125 -0.999053955078125
-0.0082855224609375 0.0019073486328125 -0.99566650390625
-0.0128936767578125 0.000396728515625 -0.997360229492188
-0.01800537109375 -0.002197265625 -0.990798950195312
-0.017608642578125 -0.0031585693359375 -0.993576049804688
-0.0181732177734375 -0.0022735595703125 -0.99786376953125
-0.0163116455078125 -0.0015411376953125 -0.993255615234375
-0.01373291015625 0.0016937255859375 -0.993820190429688
-0.0112762451171875 0.0033416748046875 -0.996078491210938
-0.010467529296875 0.00555419921875 -0.99798583984375
-0.011444091796875 0.0076751708984375 -0.992965698242188
-0.0134429931640625 0.0084686279296875 -0.993087768554688
-0.016143798828125 0.0103302001953125 -0.995223999023438
-0.0164642333984375 0.007904052734375 -1.00057983398438
-0.016204833984375 0.0065460205078125 -0.994781494140625
-0.0133514404296875 0.0025482177734375 -0.99462890625
-0.0110626220703125 0.00103759765625 -0.993820190429688
-0.008453369140625 -0.0006561279296875 -0.991775512695312
-0.0059814453125 -0.00177001953125 -1.00169372558594
-0.0063629150390625 -0.003875732421875 -0.99468994140625
-0.0083465576171875 -0.0037078857421875 -0.994537353515625
-0.0083465576171875 -0.0037078857421875 -0.994537353515625
-0.0094451904296875 -0.0047454833984375 -0.993637084960938
-0.0125885009765625 -0.003204345703125 -0.994674682617188
-0.0146484375 -0.00067138671875 -0.995986938476562
-0.0152130126953125 0.0028228759765625 -0.994873046875
-0.0164031982421875 0.006500244140625 -0.99468994140625
-0.016082763671875 0.0095367431640625 -0.994720458984375
-0.014739990234375 0.0103607177734375 -0.99322509765625
-0.013885498046875 0.008331298828125 -0.995086669921875
-0.0128173828125 0.00701904296875 -0.995834350585938
-0.01202392578125 0.0032958984375 -0.996429443359375
-0.0113372802734375 -1.52587890625e-05 -0.994277954101562
-0.0092926025390625 -0.0015106201171875 -0.996429443359375
-0.0092926025390625 -1.52587890625e-05 -0.995635986328125
-0.0084991455078125 0.0012969970703125 -0.994415283203125
-0.0101165771484375 0.0022125244140625 -0.994461059570312
-0.0107421875 0.0018463134765625 -0.995254516601562
-0.0144195556640625 0.004547119140625 -0.996337890625
-0.0165557861328125 0.004119873046875 -0.994552612304688
-0.0169677734375 0.0043182373046875 -0.99530029296875
-0.0160369873046875 0.003204345703125 -0.99420166015625
-0.0161285400390625 0.001739501953125 -0.99603271484375
-0.0152435302734375 0.0019683837890625 -0.99420166015625
-0.013214111328125 0.0011444091796875 -0.9942626953125
-0.0124359130859375 0.0029144287109375 -0.996429443359375
-0.0110015869140625 0.0024871826171875 -0.995162963867188
-0.01055908203125 0.00341796875 -0.994110107421875
-0.009429931640625 0.0046539306640625 -0.994583129882812
-0.0112152099609375 0.0062255859375 -0.9971923828125
-0.0108642578125 0.0066070556640625 -0.992950439453125
