0.007904052734375 -0.972244262695312 -0.21197509765625
0.0115203857421875 -0.97308349609375 -0.225006103515625
0.019439697265625 -0.978103637695312 -0.209426879882812
0.0361328125 -0.97802734375 -0.204788208007812
0.039215087890625 -0.9791259765625 -0.200149536132812
0.031158447265625 -0.98529052734375 -0.21527099609375
0.0326080322265625 -0.984512329101562 -0.220123291015625
0.022064208984375 -0.98193359375 -0.216537475585938
0.0206451416015625 -0.97833251953125 -0.213592529296875
0.0322418212890625 -0.9874267578125 -0.2003173828125
0.0420684814453125 -0.986007690429688 -0.194061279296875
0.0369110107421875 -0.989227294921875 -0.212799072265625
0.0326995849609375 -0.994369506835938 -0.226806640625
0.0155487060546875 -0.96636962890625 -0.223312377929688
0.0260162353515625 -0.951263427734375 -0.20477294921875
0.030670166015625 -0.962310791015625 -0.1961669921875
0.01544189453125 -0.972091674804688 -0.20947265625
-0.0019073486328125 -0.980712890625 -0.228363037109375
0.0057373046875 -0.98046875 -0.231582641601562
-0.0203704833984375 -0.987777709960938 -0.226364135742188
-0.0187835693359375 -0.969253540039062 -0.238479614257812
0.0178375244140625 -0.96307373046875 -0.245071411132812
0.0196380615234375 -0.973678588867188 -0.249313354492188
0.005462646484375 -0.984359741210938 -0.268768310546875
-0.009063720703125 -0.969390869140625 -0.270172119140625
0.0065765380859375 -0.979171752929688 -0.25439453125
0.01318359375 -0.974945068359375 -0.244979858398438
0.0189971923828125 -0.963775634765625 -0.234298706054688
0.0290985107421875 -0.978179931640625 -0.239242553710938
0.0160064697265625 -0.970352172851562 -0.253707885742188
0.005523681640625 -0.971603393554688 -0.25579833984375
0.0181884765625 -0.978439331054688 -0.254806518554688
0.0230255126953125 -0.9771728515625 -0.253768920898438
0.026123046875 -0.972869873046875 -0.249252319335938
0.026123046875 -0.972869873046875 -0.249252319335938
0.0156707763671875 -0.98724365234375 -0.248779296875
0.0156707763671875 -0.98724365234375 -0.248779296875
0.0079193115234375 -1.01438903808594 -0.259246826171875
0.0079193115234375 -1.01438903808594 -0.259246826171875
-0.0203704833984375 -0.995758056640625 -0.235443115234375
-0.007598876953125 -1.00079345703125 -0.22149658203125
-0.0187835693359375 -1.00473022460938 -0.200592041015625
-0.01800537109375 -1.00907897949219 -0.202194213867188
-0.0087432861328125 -0.999252319335938 -0.197845458984375
0.0116119384765625 -0.994384765625 -0.1768798828125
0.0013580322265625 -0.99542236328125 -0.154388427734375
-0.0001220703125 -0.989883422851562 -0.131759643554688
0.0030059814453125 -1.00352478027344 -0.112640380859375
0.0130462646484375 -0.992813110351562 -0.102813720703125
0.023956298828125 -0.9815673828125 -0.0817413330078125
0.0350799560546875 -0.991348266601562 -0.075836181640625
0.0231781005859375 -1.00135803222656 -0.055572509765625
0.0037994384765625 -0.99713134765625 -0.0364837646484375
0.0 -1.00180053710938 -0.0090179443359375
0.018951416015625 -0.9873046875 0.016815185546875
0.0247039794921875 -0.997589111328125 0.0674285888671875
0.0028076171875 -0.9903564453125 0.102508544921875
-0.010711669921875 -0.974746704101562 0.126190185546875
-0.0290985107421875 -0.984649658203125 0.147430419921875
-0.0456390380859375 -0.9844970703125 0.159133911132812
-0.0582733154296875 -0.98699951171875 0.184326171875
-0.052978515625 -0.973541259765625 0.215057373046875
-0.0400238037109375 -0.961807250976562 0.227691650390625
-0.038238525390625 -0.96160888671875 0.228302001953125
-0.0524444580078125 -0.96246337890625 0.232177734375
-0.0673675537109375 -0.9674072265625 0.24114990234375
-0.0694732666015625 -0.962509155273438 0.275833129882812
-0.0747833251953125 -0.956893920898438 0.305099487304688
-0.0598297119140625 -0.945159912109375 0.311630249023438
-0.0750579833984375 -0.95086669921875 0.332199096679688
-0.0780029296875 -0.945465087890625 0.351409912109375
-0.0712432861328125 -0.94097900390625 0.367324829101562
-0.0627593994140625 -0.933013916015625 0.38055419921875
-0.0783233642578125 -0.9368896484375 0.376373291015625
-0.08233642578125 -0.933151245117188 0.389297485351562
-0.07574462890625 -0.920944213867188 0.403274536132812
-0.06915283203125 -0.916213989257812 0.409866333007812
-0.072021484375 -0.900314331054688 0.41461181640625
-0.0722808837890625 -0.900848388671875 0.408920288085938
-0.0682373046875 -0.893997192382812 0.414764404296875
-0.058929443359375 -0.891342163085938 0.414596557617188
-0.06512451171875 -0.9141845703125 0.401199340820312
-0.0625 -0.897720336914062 0.405105590820312
-0.0402374267578125 -0.894454956054688 0.417617797851562
-0.04913330078125 -0.8800048828125 0.42071533203125
-0.0770416259765625 -0.904067993164062 0.401901245117188
-0.077545166015625 -0.933731079101562 0.383651733398438
-0.0701141357421875 -0.934066772460938 0.392868041992188
-0.046173095703125 -0.931991577148438 0.3885498046875
-0.044219970703125 -0.938583374023438 0.381668090820312
-0.044219970703125 -0.938583374023438 0.381668090820312
-0.0586395263671875 -0.932708740234375 0.346847534179688
-0.0586395263671875 -0.932708740234375 0.346847534179688
-0.053985595703125 -0.973892211914062 0.2708740234375
-0.053985595703125 -0.973892211914062 0.2708740234375
-0.0781097412109375 -0.9725341796875 0.264205932617188
-0.0550689697265625 -0.958389282226562 0.294418334960938
-0.037933349609375 -0.930892944335938 0.309036254882812
-0.0323638916015625 -0.928298950195312 0.291717529296875
-0.044158935546875 -0.978057861328125 0.22552490234375
-0.0838470458984375 -0.998916625976562 0.184356689453125
-0.0893402099609375 -0.997390747070312 0.187728881835938
-0.0716094970703125 -0.981231689453125 0.209243774414062
-0.0586395263671875 -0.969711303710938 0.211822509765625
-0.058349609375 -0.974929809570312 0.198211669921875
-0.0724945068359375 -0.9910888671875 0.18511962890625
-0.0758514404296875 -0.990310668945312 0.17919921875
-0.068939208984375 -0.997940063476562 0.168991088867188
-0.070709228515625 -0.997207641601562 0.15887451171875
-0.069854736328125 -0.998809814453125 0.137008666992188
-0.07421875 -1.00086975097656 0.122406005859375
-0.0748443603515625 -1.00802612304688 0.107467651367188
-0.081787109375 -1.00936889648438 0.102447509765625
-0.078155517578125 -1.0076904296875 0.093109130859375
-0.0711822509765625 -1.00949096679688 0.08758544921875
-0.063323974609375 -1.00755310058594 0.0903167724609375
-0.0575714111328125 -1.00790405273438 0.080108642578125
-0.0565185546875 -1.00967407226562 0.0724639892578125
-0.0498199462890625 -1.00543212890625 0.0665130615234375
-0.0448150634765625 -0.996505737304688 0.0710296630859375
-0.0415496826171875 -0.994537353515625 0.0772247314453125
-0.044891357421875 -0.98504638671875 0.074432373046875
-0.04852294921875 -0.9947509765625 0.0480499267578125
-0.0443267822265625 -0.99444580078125 0.0365753173828125
-0.0396728515625 -0.999679565429688 0.0234375
-0.044708251953125 -0.997817993164062 0.0292510986328125
-0.0498809814453125 -0.997329711914062 0.0300445556640625
-0.0476531982421875 -1.00581359863281 0.0164031982421875
-0.0437164306640625 -1.01124572753906 0.0017852783203125
-0.040618896484375 -1.00704956054688 -0.0116424560546875
-0.038543701171875 -1.00631713867188 -0.01800537109375
-0.0341796875 -1.00091552734375 -0.0192718505859375
-0.038299560546875 -1.00071716308594 -0.0267333984375
-0.0319366455078125 -0.996627807617188 -0.0255889892578125
-0.02252197265625 -0.9998779296875 -0.0232391357421875
-0.0375213623046875 -1.001953125 -0.03717041015625
-0.062835693359375 -1.00823974609375 -0.03717041015625
-0.0330963134765625 -1.01383972167969 -0.02423095703125
-0.03985595703125 -1.02217102050781 -0.063262939453125
-0.057952880859375 -1.00257873535156 -0.0948333740234375
-0.0522308349609375 -0.999862670898438 -0.124374389648438
-0.05694580078125 -1.03146362304688 -0.065704345703125
-0.0432891845703125 -1.026611328125 -0.117523193359375
-0.0427093505859375 -1.0289306640625 -0.123611450195312
-0.0310516357421875 -1.02040100097656 -0.0999908447265625
-0.0096435546875 -1.01982116699219 -0.070037841796875
-0.0233917236328125 -1.03648376464844 -0.0945281982421875
-0.0540313720703125 -1.00978088378906 -0.0785980224609375
-0.0592803955078125 -0.998291015625 -0.0950164794921875
-0.0592803955078125 -0.998291015625 -0.0950164794921875
-0.03863525390625 -0.980438232421875 -0.144912719726562
-0.03863525390625 -0.980438232421875 -0.144912719726562
-0.036956787109375 -0.9783935546875 -0.147109985351562
-0.037139892578125 -0.977920532226562 -0.141326904296875
-0.0437469482421875 -0.998275756835938 -0.17315673828125
-0.029754638671875 -1.00370788574219 -0.167770385742188
-0.0204315185546875 -0.996002197265625 -0.167007446289062
-0.0495758056640625 -1.01350402832031 -0.196441650390625
-0.040924072265625 -0.98431396484375 -0.144241333007812
-0.0645904541015625 -0.963348388671875 -0.163162231445312
-0.057464599609375 -0.999542236328125 -0.185699462890625
-0.0923309326171875 -1.01304626464844 -0.177536010742188
-0.0897369384765625 -0.989837646484375 -0.12884521484375
-0.046417236328125 -0.966949462890625 -0.163345336914062
-0.0460968017578125 -1.0013427734375 -0.220687866210938
-0.0563812255859375 -0.978652954101562 -0.181747436523438
-0.0560150146484375 -0.972702026367188 -0.141464233398438
-0.04156494140625 -0.984619140625 -0.162826538085938
-0.0123443603515625 -0.955535888671875 -0.141738891601562
-0.0096282958984375 -0.947265625 -0.161376953125
-0.0447998046875 -1.01239013671875 -0.209823608398438
-0.0658111572265625 -0.988296508789062 -0.176361083984375
-0.0498046875 -0.984878540039062 -0.165237426757812
-0.0617218017578125 -0.987869262695312 -0.167022705078125
-0.05926513671875 -0.96038818359375 -0.0892333984375
-0.007598876953125 -0.978912353515625 -0.097564697265625
-0.0264129638671875 -1.01875305175781 -0.143585205078125
-0.0284271240234375 -0.98175048828125 -0.135406494140625
-0.031982421875 -0.981292724609375 -0.0966644287109375
-0.0255126953125 -1.001220703125 -0.053009033203125
-0.0106964111328125 -1.00836181640625 -0.0710296630859375
-0.017791748046875 -1.0169677734375 -0.0360107421875
0.00396728515625 -1.00552368164062 -0.00164794921875
0.0242767333984375 -0.99066162109375 -0.0603485107421875
0.05108642578125 -0.950286865234375 -0.076019287109375
0.0262451171875 -0.963104248046875 -0.0834808349609375
-0.008392333984375 -1.00132751464844 -0.060791015625
-0.037139892578125 -1.01591491699219 -0.0140533447265625
-0.048431396484375 -1.01856994628906 -0.0087432861328125
-0.0198822021484375 -0.9930419921875 -0.011810302734375
0.0122833251953125 -0.973007202148438 -0.02044677734375
-0.016021728515625 -1.00102233886719 0.0071258544921875
-0.015716552734375 -1.01950073242188 0.0413818359375
-0.030853271484375 -1.04402160644531 0.022705078125
-0.0228271484375 -1.048828125 0.0467071533203125
0.016448974609375 -1.00355529785156 0.0606536865234375
0.0614166259765625 -0.9970703125 0.0613555908203125
0.022552490234375 -0.994354248046875 0.07733154296875
-0.02764892578125 -1.02151489257812 0.017578125
-0.0381927490234375 -1.01092529296875 0.0310211181640625
-0.019683837890625 -0.995880126953125 0.048736572265625
-0.0100250244140625 -0.9700927734375 0.0192718505859375
-0.00775146484375 -0.943069458007812 0.0379486083984375
-0.0192413330078125 -0.9754638671875 0.0431365966796875
-0.0326080322265625 -1.02055358886719 -0.027587890625
-0.0532073974609375 -1.02143859863281 -0.0209503173828125
-0.0216217041015625 -0.993362426757812 0.01556396484375
-0.020263671875 -0.972671508789062 0.047607421875
-0.020263671875 -0.972671508789062 0.047607421875
-0.0327606201171875 -0.993240356445312 0.0136566162109375
-0.0511627197265625 -0.994781494140625 -0.0274505615234375
-0.0647430419921875 -1.00675964355469 -0.0517425537109375
-0.0744171142578125 -1.03237915039062 -0.0191802978515625
-0.072906494140625 -1.03312683105469 0.0345611572265625
-0.0578765869140625 -1.02830505371094 0.02606201171875
-0.0410919189453125 -0.999725341796875 -0.023345947265625
-0.0409698486328125 -0.98126220703125 -0.032562255859375
-0.081817626953125 -0.993850708007812 -0.0054779052734375
-0.137985229492188 -1.03656005859375 0.026275634765625
-0.098388671875 -1.04197692871094 0.041412353515625
-0.0543365478515625 -1.03103637695312 -0.0107269287109375
-0.051177978515625 -1.0296630859375 -0.0091400146484375
-0.087127685546875 -0.989471435546875 -0.02423095703125
-0.091827392578125 -0.965972900390625 0.0116424560546875
-0.0854949951171875 -1.00691223144531 0.045318603515625
-0.0934295654296875 -1.03910827636719 0.04150390625
-0.0886688232421875 -1.01991271972656 0.0230865478515625
-0.0811004638671875 -0.991683959960938 0.0110015869140625
-0.0733184814453125 -0.994674682617188 0.010406494140625
-0.08233642578125 -0.995193481445312 0.0195770263671875
-0.0734710693359375 -1.00479125976562 0.0215606689453125
-0.0648651123046875 -1.01707458496094 0.0142669677734375
-0.0758209228515625 -1.011474609375 -0.0105133056640625
-0.0643768310546875 -0.990768432617188 -0.040313720703125
-0.06768798828125 -0.974533081054688 -0.0407257080078125
-0.046112060546875 -0.967361450195312 -0.0194854736328125
-0.0055389404296875 -1.00128173828125 0.0089263916015625
-0.015625 -1.01055908203125 -0.0171661376953125
-0.0452880859375 -1.00140380859375 -0.0354766845703125
-0.0440521240234375 -0.99493408203125 -0.043914794921875
-0.033782958984375 -0.991485595703125 -0.0833587646484375
-0.032440185546875 -0.985763549804688 -0.08477783203125
-0.040985107421875 -0.97857666015625 -0.101852416992188
-0.0121917724609375 -1.00186157226562 -0.084716796875
-0.0142059326171875 -1.01057434082031 -0.077484130859375
-0.0140228271484375 -1.01849365234375 -0.05413818359375
-0.0176239013671875 -0.999496459960938 -0.024017333984375
-0.017486572265625 -0.979293823242188 -0.01531982421875
-0.029998779296875 -0.983642578125 -0.0592498779296875
-0.0300750732421875 -0.996490478515625 -0.0961456298828125
-0.041259765625 -1.02162170410156 -0.132797241210938
-0.0499725341796875 -1.0260009765625 -0.136367797851562
-0.0460357666015625 -1.01799011230469 -0.114761352539062
-0.0095062255859375 -1.02801513671875 -0.07269287109375
0.020233154296875 -1.00460815429688 -0.065185546875
0.020355224609375 -0.986724853515625 -0.083526611328125
0.0099029541015625 -0.982650756835938 -0.128326416015625
-0.013427734375 -0.99420166015625 -0.15289306640625
0.016754150390625 -1.00331115722656 -0.135818481445312
0.0473175048828125 -1.01292419433594 -0.11126708984375
0.052642822265625 -1.00328063964844 -0.111083984375
0.072998046875 -0.985855102539062 -0.114593505859375
0.0803680419921875 -0.973236083984375 -0.131790161132812
0.057159423828125 -0.9833984375 -0.136428833007812
0.0769195556640625 -0.984695434570312 -0.091583251953125
0.0769195556640625 -0.984695434570312 -0.091583251953125
0.0840301513671875 -0.979110717773438 -0.111846923828125
0.0840301513671875 -0.979110717773438 -0.111846923828125
0.08282470703125 -0.985870361328125 -0.119873046875
0.0782318115234375 -0.995086669921875 -0.109527587890625
0.0799102783203125 -0.989532470703125 -0.0883941650390625
0.071685791015625 -0.99615478515625 -0.100296020507812
0.0552978515625 -0.98822021484375 -0.102569580078125
0.038177490234375 -0.992950439453125 -0.104873657226562
0.022979736328125 -0.99041748046875 -0.090972900390625
0.0191802978515625 -0.999481201171875 -0.104812622070312
-0.0099334716796875 -1.01960754394531 -0.103729248046875
-0.0204010009765625 -1.01274108886719 -0.102462768554688
-0.0156707763671875 -1.01901245117188 -0.12738037109375
-0.023284912109375 -1.00015258789062 -0.149978637695312
-0.004791259765625 -0.981826782226562 -0.158035278320312
0.0298919677734375 -0.99615478515625 -0.152908325195312
0.0422821044921875 -0.996063232421875 -0.184326171875
0.03173828125 -0.975357055664062 -0.17315673828125
0.04010009765625 -0.980743408203125 -0.155532836914062
0.0374755859375 -0.975173950195312 -0.16094970703125
0.029144287109375 -0.978836059570312 -0.1795654296875
0.05059814453125 -0.987991333007812 -0.208221435546875
0.0473785400390625 -0.997756958007812 -0.207656860351562
0.044921875 -1.00007629394531 -0.175872802734375
0.0367279052734375 -1.00758361816406 -0.143478393554688
0.027679443359375 -0.984771728515625 -0.161483764648438
0.03057861328125 -0.984756469726562 -0.192794799804688
0.0422515869140625 -0.99420166015625 -0.214019775390625
0.024261474609375 -0.989608764648438 -0.225631713867188
0.02655029296875 -1.00279235839844 -0.191162109375
0.0224151611328125 -1.00712585449219 -0.139312744140625
0.0164794921875 -1.00924682617188 -0.0991363525390625
1.52587890625e-05 -1.01278686523438 -0.0985870361328125
-0.0075225830078125 -1.00386047363281 -0.119613647460938
0.0045318603515625 -0.997512817382812 -0.187362670898438
-0.0099945068359375 -1.00221252441406 -0.220840454101562
0.0022735595703125 -0.996490478515625 -0.19879150390625
0.01324462890625 -0.981781005859375 -0.149444580078125
0.01446533203125 -1.01800537109375 -0.117050170898438
-0.0203857421875 -0.985916137695312 -0.1614990234375
-0.0578460693359375 -0.95794677734375 -0.2371826171875
-0.0664215087890625 -0.986740112304688 -0.220916748046875
-0.0384674072265625 -1.01348876953125 -0.164443969726562
-0.0162353515625 -1.01925659179688 -0.1319580078125
-0.0128021240234375 -1.01275634765625 -0.125747680664062
-0.0302276611328125 -0.992355346679688 -0.13726806640625
-0.0372772216796875 -0.974655151367188 -0.15399169921875
-0.0095672607421875 -0.9688720703125 -0.14263916015625
0.04058837890625 -1.00494384765625 -0.125320434570312
0.05596923828125 -1.01942443847656 -0.102676391601562
0.0440521240234375 -0.983154296875 -0.1068115234375
0.0516357421875 -0.937698364257812 -0.08892822265625
0.08221435546875 -0.9256591796875 -0.05755615234375
0.105514526367188 -0.9427490234375 -0.0637054443359375
0.106582641601562 -0.9891357421875 -0.06585693359375
0.0871734619140625 -1.02867126464844 -0.0756378173828125
0.0779571533203125 -0.999130249023438 -0.06964111328125
0.06591796875 -1.01597595214844 -0.065093994140625
0.06591796875 -1.01597595214844 -0.065093994140625
0.143829345703125 -0.99365234375 -0.069610595703125
0.143829345703125 -0.99365234375 -0.069610595703125
0.127609252929688 -1.00018310546875 -0.0911865234375
0.125534057617188 -1.00613403320312 -0.0831298828125
0.126998901367188 -1.00241088867188 -0.0756378173828125
0.092498779296875 -0.992935180664062 -0.0897979736328125
0.0503997802734375 -0.990402221679688 -0.115737915039062
0.047882080078125 -0.983367919921875 -0.102767944335938
0.06817626953125 -0.9510498046875 -0.0913848876953125
0.0841064453125 -0.958389282226562 -0.0954742431640625
0.092193603515625 -0.977066040039062 -0.0655364990234375
0.091033935546875 -0.995880126953125 -0.0457000732421875
0.098114013671875 -1.00398254394531 -0.06610107421875
0.0772705078125 -1.00897216796875 -0.110809326171875
0.04833984375 -1.010986328125 -0.097900390625
0.00537109375 -1.03193664550781 -0.114990234375
-0.0264739990234375 -1.02558898925781 -0.126739501953125
-0.021881103515625 -1.01982116699219 -0.144378662109375
0.0030517578125 -1.02545166015625 -0.12158203125
-0.0130615234375 -1.03073120117188 -0.100112915039062
-0.0382080078125 -1.02792358398438 -0.09588623046875
-0.051361083984375 -1.00959777832031 -0.11590576171875
-0.07135009765625 -1.0076904296875 -0.120895385742188
-0.0776519775390625 -1.00296020507812 -0.1171875
-0.0887603759765625 -1.00709533691406 -0.12957763671875
-0.0938568115234375 -0.99334716796875 -0.123153686523438
-0.0839080810546875 -0.979522705078125 -0.124053955078125
-0.085113525390625 -0.969146728515625 -0.116409301757812
-0.111007690429688 -0.969207763671875 -0.115707397460938
-0.142974853515625 -0.972152709960938 -0.128585815429688
-0.149368286132812 -0.981231689453125 -0.128021240234375
-0.166854858398438 -0.983428955078125 -0.114669799804688
-0.183151245117188 -0.970001220703125 -0.116165161132812
-0.191497802734375 -0.988876342773438 -0.130508422851562
-0.201614379882812 -0.998855590820312 -0.132553100585938
-0.207672119140625 -0.9957275390625 -0.106765747070312
-0.193588256835938 -0.981033325195312 -0.0874786376953125
-0.183380126953125 -0.991683959960938 -0.090362548828125
-0.195236206054688 -0.996337890625 -0.09912109375
-0.189743041992188 -1.002685546875 -0.106658935546875
-0.175430297851562 -1.00132751464844 -0.112167358398438
-0.162521362304688 -0.998992919921875 -0.0829620361328125
-0.170181274414062 -0.998077392578125 -0.095703125
-0.1578369140625 -0.9884033203125 -0.0964508056640625
-0.137588500976562 -0.985183715820312 -0.0981292724609375
-0.116317749023438 -0.980606079101562 -0.1002197265625
-0.09912109375 -0.988250732421875 -0.112991333007812
-0.085601806640625 -0.998046875 -0.1163330078125
-0.062957763671875 -1.00592041015625 -0.09759521484375
-0.0884857177734375 -1.01634216308594 -0.147796630859375
-0.05487060546875 -1.00204467773438 -0.142288208007812
-0.0464935302734375 -1.00985717773438 -0.139663696289062
-0.0537567138671875 -0.999923706054688 -0.14813232421875
-0.045257568359375 -1.00193786621094 -0.138107299804688
-0.0364532470703125 -1.005859375 -0.121429443359375
-0.0312347412109375 -1.01036071777344 -0.130584716796875
-0.0312347412109375 -1.01036071777344 -0.130584716796875
-0.016448974609375 -1.01219177246094 -0.131591796875
-0.016448974609375 -1.01219177246094 -0.131591796875
-0.0143280029296875 -1.0166015625 -0.135040283203125
-0.0083160400390625 -1.00981140136719 -0.1497802734375
-0.00970458984375 -0.998367309570312 -0.15545654296875
-0.0117950439453125 -1.0037841796875 -0.146163940429688
-0.001434326171875 -1.01148986816406 -0.141586303710938
-0.007568359375 -1.00471496582031 -0.141830444335938
-0.00335693359375 -0.992843627929688 -0.131515502929688
-0.0067138671875 -0.99420166015625 -0.131851196289062
-0.0211029052734375 -0.988861083984375 -0.135086059570312
-0.03387451171875 -0.997695922851562 -0.128509521484375
-0.0299072265625 -0.996749877929688 -0.12628173828125
-0.024444580078125 -0.984817504882812 -0.113143920898438
-0.016265869140625 -0.9801025390625 -0.08819580078125
-0.014434814453125 -0.969741821289062 -0.08038330078125
-0.016571044921875 -0.975311279296875 -0.103286743164062
0.0088043212890625 -0.971176147460938 -0.094512939453125
0.0280609130859375 -0.974578857421875 -0.115951538085938
0.02764892578125 -0.962417602539062 -0.125152587890625
0.0767974853515625 -0.957901000976562 -0.101593017578125
0.0606842041015625 -0.970672607421875 -0.124114990234375
0.0708160400390625 -0.955413818359375 -0.08636474609375
0.039703369140625 -0.9822998046875 -0.0833892822265625
0.0399322509765625 -0.977523803710938 -0.0887908935546875
0.0526275634765625 -0.983734130859375 -0.0957183837890625
0.0644378662109375 -0.976226806640625 -0.08074951171875
0.0737457275390625 -0.989349365234375 -0.0807037353515625
0.0540313720703125 -1.01591491699219 -0.0826568603515625
0.0461883544921875 -1.03544616699219 -0.0896148681640625
0.048614501953125 -1.0650634765625 -0.08673095703125
0.03472900390625 -1.08711242675781 -0.104415893554688
0.023712158203125 -1.10917663574219 -0.111404418945312
0.0247039794921875 -1.12481689453125 -0.116912841796875
0.0222320556640625 -1.1336669921875 -0.138519287109375
-0.005340576171875 -1.13880920410156 -0.155059814453125
-0.0223236083984375 -1.15852355957031 -0.152420043945312
-0.0418701171875 -1.15928649902344 -0.146820068359375
-0.047332763671875 -1.15267944335938 -0.122909545898438
-0.0539398193359375 -1.13185119628906 -0.112030029296875
-0.042572021484375 -1.14849853515625 -0.0985107421875
-0.0701751708984375 -1.1512451171875 -0.0982208251953125
-0.08746337890625 -1.14997863769531 -0.0945587158203125
-0.0834808349609375 -1.15188598632812 -0.0874176025390625
-0.0765228271484375 -1.12889099121094 -0.069091796875
-0.064971923828125 -1.11528015136719 -0.057708740234375
-0.0488433837890625 -1.11149597167969 -0.07135009765625
-0.0545654296875 -1.10464477539062 -0.094390869140625
-0.066802978515625 -1.09199523925781 -0.10284423828125
-0.0656280517578125 -1.08351135253906 -0.0897369384765625
-0.0420074462890625 -1.08641052246094 -0.104766845703125
-0.0455780029296875 -1.05802917480469 -0.0839691162109375
-0.0314483642578125 -1.039794921875 -0.0606536865234375
-0.020111083984375 -1.03742980957031 -0.050933837890625
-0.0376739501953125 -1.0426025390625 -0.065704345703125
-0.07598876953125 -1.01597595214844 -0.011199951171875
-0.0588226318359375 -0.983016967773438 -0.02569580078125
-0.059814453125 -0.98291015625 -0.0127105712890625
-0.059814453125 -0.98291015625 -0.0127105712890625
-0.058563232421875 -0.970230102539062 -0.0166778564453125
-0.069427490234375 -0.965728759765625 -0.0243377685546875
-0.05035400390625 -0.969314575195312 -0.0427093505859375
-0.05609130859375 -0.964340209960938 -0.0238494873046875
-0.064453125 -0.948715209960938 0.009735107421875
-0.0593109130859375 -0.930938720703125 0.03564453125
-0.0592041015625 -0.919479370117188 0.0237579345703125
-0.0612335205078125 -0.895889282226562 0.0412750244140625
-0.0500946044921875 -0.8770751953125 0.052459716796875
-0.0231781005859375 -0.87457275390625 0.0275115966796875
-0.018218994140625 -0.864898681640625 0.0260162353515625
-0.0097503662109375 -0.854034423828125 0.035491943359375
0.0042724609375 -0.858856201171875 0.044769287109375
0.0128021240234375 -0.866943359375 0.044525146484375
0.0080718994140625 -0.85040283203125 0.0491943359375
0.0306396484375 -0.837173461914062 0.0558624267578125
0.0587158203125 -0.830154418945312 0.0570526123046875
0.061279296875 -0.841751098632812 0.04632568359375
0.03900146484375 -0.8609619140625 0.0242919921875
0.028961181640625 -0.875106811523438 0.0294036865234375
0.0384521484375 -0.890518188476562 0.0435638427734375
0.059906005859375 -0.914291381835938 0.051025390625
0.0536651611328125 -0.935531616210938 0.0419921875
0.058013916015625 -0.94769287109375 0.049896240234375
0.0833740234375 -0.95751953125 0.0557403564453125
0.098480224609375 -0.954116821289062 0.0604705810546875
0.108718872070312 -0.95648193359375 0.054229736328125
0.114761352539062 -0.973098754882812 0.0449066162109375
0.110321044921875 -1.00209045410156 0.044830322265625
0.0973968505859375 -0.998321533203125 0.0573883056640625
0.104339599609375 -0.983306884765625 0.044219970703125
0.121627807617188 -0.977401733398438 0.0273895263671875
0.125274658203125 -0.989501953125 0.0378265380859375
0.112960815429688 -1.01216125488281 0.021697998046875
0.089935302734375 -1.00701904296875 0.0283050537109375
0.0860137939453125 -0.991622924804688 0.034423828125
0.107818603515625 -0.981170654296875 0.03790283203125
0.108779907226562 -0.990371704101562 0.03570556640625
0.0956573486328125 -1.00215148925781 0.0339813232421875
0.0777587890625 -1.01821899414062 0.025787353515625
0.05072021484375 -1.01028442382812 0.0402374267578125
0.0464630126953125 -0.992660522460938 0.04833984375
0.0650482177734375 -0.992401123046875 0.01153564453125
0.06475830078125 -1.00090026855469 -0.032684326171875
0.0543670654296875 -1.02296447753906 -0.051513671875
0.0367584228515625 -1.02932739257812 -0.04840087890625
0.0203704833984375 -1.01150512695312 -0.0399322509765625
0.00927734375 -0.998672485351562 -0.03466796875
-0.0126953125 -0.994888305664062 -0.048980712890625
-0.0286102294921875 -0.992599487304688 -0.058807373046875
-0.0371856689453125 -0.98846435546875 -0.0453643798828125
-0.054779052734375 -0.982315063476562 -0.0356903076171875
-0.08270263671875 -0.983383178710938 -0.038177490234375
-0.0883941650390625 -0.980453491210938 -0.0192413330078125
-0.0853271484375 -0.982040405273438 -0.0238189697265625
-0.113174438476562 -1.00102233886719 -0.0245361328125
-0.113174438476562 -1.00102233886719 -0.0245361328125
-0.16888427734375 -1.02059936523438 0.0167999267578125
-0.16888427734375 -1.02059936523438 0.0167999267578125
-0.159683227539062 -1.01385498046875 0.0272369384765625
-0.160781860351562 -1.00862121582031 0.0049896240234375
-0.167465209960938 -1.00001525878906 -0.0268402099609375
-0.152069091796875 -0.995834350585938 -0.037841796875
-0.140869140625 -0.983779907226562 -0.0539093017578125
-0.1341552734375 -0.987091064453125 -0.0499420166015625
-0.122390747070312 -0.977615356445312 -0.0534515380859375
-0.107162475585938 -0.959762573242188 -0.0463714599609375
-0.08563232421875 -0.909530639648438 -0.016021728515625
-0.035308837890625 -0.852996826171875 -0.004547119140625
0.0071258544921875 -0.823959350585938 -0.00689697265625
0.01715087890625 -0.816665649414062 -0.0143585205078125
0.004638671875 -0.82684326171875 -0.014007568359375
-0.0035552978515625 -0.819366455078125 0.0014495849609375
0.006683349609375 -0.809494018554688 0.0215606689453125
0.0111541748046875 -0.777603149414062 0.0233917236328125
-0.0067291259765625 -0.75738525390625 0.0160064697265625
0.006683349609375 -0.806289672851562 0.0363006591796875
0.012939453125 -0.844528198242188 0.0084991455078125
0.0075531005859375 -0.877090454101562 0.018280029296875
-0.01910400390625 -0.92205810546875 0.026580810546875
-0.0381011962890625 -0.9718017578125 0.0003204345703125
-0.059844970703125 -0.9927978515625 -0.0066375732421875
-0.0478668212890625 -1.01266479492188 -0.035186767578125
-0.0220794677734375 -1.034912109375 -0.0579833984375
-0.0030517578125 -1.04270935058594 -0.0637664794921875
0.0014495849609375 -1.06976318359375 -0.0837249755859375
-0.0220947265625 -1.07659912109375 -0.08038330078125
-0.0206146240234375 -1.10490417480469 -0.100265502929688
-0.03826904296875 -1.13072204589844 -0.09344482421875
-0.0351409912109375 -1.14274597167969 -0.091278076171875
-0.071136474609375 -1.13059997558594 -0.1173095703125
-0.061309814453125 -1.14297485351562 -0.08111572265625
-0.0594329833984375 -1.15380859375 -0.110641479492188
-0.0531158447265625 -1.13658142089844 -0.111801147460938
-0.051055908203125 -1.14576721191406 -0.125259399414062
-0.04949951171875 -1.15174865722656 -0.139205932617188
-0.072357177734375 -1.15293884277344 -0.144561767578125
-0.0733795166015625 -1.13728332519531 -0.149124145507812
-0.0621795654296875 -1.11807250976562 -0.128128051757812
-0.0482025146484375 -1.10768127441406 -0.128143310546875
-0.086669921875 -1.11763000488281 -0.17724609375
-0.0858917236328125 -1.11076354980469 -0.1456298828125
-0.0934295654296875 -1.12168884277344 -0.153793334960938
-0.127609252929688 -1.10441589355469 -0.17608642578125
-0.14044189453125 -1.09400939941406 -0.168319702148438
-0.140335083007812 -1.0743408203125 -0.155914306640625
-0.14422607421875 -1.04605102539062 -0.140701293945312
-0.148300170898438 -1.01878356933594 -0.133285522460938
-0.146697998046875 -0.991378784179688 -0.120697021484375
-0.146087646484375 -0.9847412109375 -0.1373291015625
-0.144119262695312 -0.971969604492188 -0.130203247070312
-0.115036010742188 -0.97418212890625 -0.138458251953125
-0.113861083984375 -0.983901977539062 -0.1640625
-0.140121459960938 -0.99676513671875 -0.162338256835938
-0.134719848632812 -0.99432373046875 -0.151687622070312
-0.134719848632812 -0.99432373046875 -0.151687622070312
-0.117233276367188 -0.979354858398438 -0.14739990234375
-0.117233276367188 -0.979354858398438 -0.14739990234375
-0.105316162109375 -0.974472045898438 -0.131759643554688
-0.110671997070312 -0.989578247070312 -0.129913330078125
-0.119033813476562 -0.973831176757812 -0.11627197265625
-0.09393310546875 -0.9576416015625 -0.109100341796875
-0.0740966796875 -0.95660400390625 -0.104766845703125
-0.070892333984375 -0.9654541015625 -0.102294921875
-0.0521240234375 -0.981491088867188 -0.10919189453125
-0.0303802490234375 -0.99139404296875 -0.122024536132812
-0.030853271484375 -0.99859619140625 -0.121124267578125
-0.0114288330078125 -1.01522827148438 -0.11932373046875
0.0075531005859375 -1.00924682617188 -0.107330322265625
0.0421600341796875 -0.9927978515625 -0.11004638671875
0.082763671875 -0.994659423828125 -0.114852905273438
0.0875396728515625 -1.00033569335938 -0.128707885742188
0.109451293945312 -1.0010986328125 -0.1224365234375
0.128219604492188 -0.99981689453125 -0.121871948242188
0.128189086914062 -1.00503540039062 -0.126724243164062
0.09429931640625 -1.0147705078125 -0.138900756835938
0.0995941162109375 -1.01785278320312 -0.122848510742188
0.0923919677734375 -1.02072143554688 -0.114578247070312
0.07855224609375 -1.01133728027344 -0.124435424804688
0.0702972412109375 -1.02529907226562 -0.138717651367188
0.0587158203125 -1.01597595214844 -0.138870239257812
0.05841064453125 -1.00691223144531 -0.142013549804688
0.0360565185546875 -1.00538635253906 -0.134796142578125
0.0152435302734375 -1.00099182128906 -0.126266479492188
0.0142822265625 -0.991348266601562 -0.1142578125
0.0151519775390625 -0.985336303710938 -0.1064453125
0.0044403076171875 -0.988632202148438 -0.104156494140625
0.00128173828125 -0.987594604492188 -0.109588623046875
-0.010650634765625 -0.996017456054688 -0.109115600585938
-0.0188140869140625 -1.00674438476562 -0.107223510742188
-0.03369140625 -1.01138305664062 -0.111785888671875
-0.0322113037109375 -1.00581359863281 -0.10870361328125
-0.01751708984375 -0.99713134765625 -0.103790283203125
-0.0213165283203125 -0.988113403320312 -0.108154296875
-0.0256500244140625 -0.993011474609375 -0.114654541015625
-0.0405120849609375 -0.988021850585938 -0.118087768554688
-0.0345001220703125 -0.983474731445312 -0.111801147460938
-0.02978515625 -0.985076904296875 -0.101760864257812
-0.0285797119140625 -0.995330810546875 -0.110549926757812
-0.0469818115234375 -0.994857788085938 -0.112472534179688
-0.0379791259765625 -0.9989013671875 -0.110183715820312
-0.04498291015625 -1.0067138671875 -0.118545532226562
-0.0540008544921875 -1.01322937011719 -0.118728637695312
-0.05218505859375 -1.01284790039062 -0.1082763671875
-0.058502197265625 -1.0072021484375 -0.116806030273438
-0.061614990234375 -0.998764038085938 -0.125991821289062
-0.05255126953125 -0.994583129882812 -0.125335693359375
-0.0509490966796875 -0.988983154296875 -0.117523193359375
-0.039215087890625 -0.987045288085938 -0.112228393554688
-0.0500946044921875 -0.98883056640625 -0.1070556640625
-0.056488037109375 -1.01017761230469 -0.113189697265625
-0.052825927734375 -1.01167297363281 -0.0988311767578125
-0.052825927734375 -1.01167297363281 -0.0988311767578125
-0.0464935302734375 -1.00672912597656 -0.103424072265625
-0.0464935302734375 -1.00672912597656 -0.103424072265625
-0.0458984375 -0.996246337890625 -0.0962371826171875
-0.043548583984375 -0.992340087890625 -0.0894622802734375
-0.0414581298828125 -0.983978271484375 -0.0833740234375
-0.042724609375 -0.977951049804688 -0.07659912109375
-0.0278472900390625 -0.983230590820312 -0.0842742919921875
-0.0331268310546875 -0.992263793945312 -0.0965576171875
-0.03302001953125 -0.994094848632812 -0.1025390625
-0.028900146484375 -1.00390625 -0.111618041992188
-0.0408172607421875 -0.999267578125 -0.110122680664062
-0.035400390625 -0.9967041015625 -0.103500366210938
-0.0373687744140625 -0.992904663085938 -0.098907470703125
-0.0523834228515625 -1.00297546386719 -0.108169555664062
-0.0622711181640625 -1.00653076171875 -0.10455322265625
-0.046844482421875 -0.99749755859375 -0.0932769775390625
-0.0486602783203125 -0.991455078125 -0.0968780517578125
-0.05096435546875 -0.993301391601562 -0.099456787109375
-0.048919677734375 -0.994583129882812 -0.10205078125
-0.0443115234375 -0.989776611328125 -0.094390869140625
-0.0403900146484375 -0.988861083984375 -0.086639404296875
-0.0395355224609375 -1.00216674804688 -0.0890045166015625
-0.04345703125 -1.00445556640625 -0.0929107666015625
-0.028656005859375 -1.00726318359375 -0.0942535400390625
-0.0272064208984375 -1.00663757324219 -0.107406616210938
-0.028167724609375 -1.00778198242188 -0.106582641601562
-0.0145111083984375 -1.00215148925781 -0.108154296875
-0.0110321044921875 -0.994186401367188 -0.101943969726562
-0.021087646484375 -0.993499755859375 -0.10894775390625
-0.02227783203125 -0.98931884765625 -0.1068115234375
-0.01031494140625 -0.99066162109375 -0.109771728515625
-0.0035858154296875 -0.99017333984375 -0.110443115234375
-0.003936767578125 -0.99212646484375 -0.113296508789062
-0.0068817138671875 -0.9974365234375 -0.114181518554688
-0.005615234375 -1.00028991699219 -0.106002807617188
-0.019256591796875 -1.00352478027344 -0.106536865234375
-0.0156707763671875 -1.00315856933594 -0.0941925048828125
-0.0200958251953125 -1.000732421875 -0.0888671875
-0.023895263671875 -0.99951171875 -0.0956573486328125
-0.022247314453125 -0.996917724609375 -0.102584838867188
-0.0110321044921875 -0.996734619140625 -0.107330322265625
-0.0110626220703125 -0.992782592773438 -0.107833862304688
-0.0090484619140625 -0.992782592773438 -0.113601684570312
-0.0033416748046875 -0.989364624023438 -0.113861083984375
-0.0156097412109375 -0.994125366210938 -0.118408203125
-0.0097198486328125 -0.99749755859375 -0.119598388671875
-0.010894775390625 -0.998611450195312 -0.115127563476562
-0.0168609619140625 -1.00300598144531 -0.110488891601562
-0.0128326416015625 -1.00297546386719 -0.1033935546875
-0.0265655517578125 -1.00253295898438 -0.102828979492188
-0.02508544921875 -1.00489807128906 -0.101837158203125
-0.0217132568359375 -1.00132751464844 -0.1031494140625
-0.021087646484375 -1.00276184082031 -0.10546875
-0.0258636474609375 -1.00178527832031 -0.109771728515625
-0.02313232421875 -0.99810791015625 -0.109222412109375
-0.02520751953125 -0.996627807617188 -0.111083984375
-0.02520751953125 -0.996627807617188 -0.111083984375
-0.029205322265625 -0.992218017578125 -0.112640380859375
-0.029205322265625 -0.992218017578125 -0.112640380859375
-0.0317230224609375 -0.9913330078125 -0.111572265625
-0.0263671875 -0.994033813476562 -0.1087646484375
-0.02349853515625 -1.00552368164062 -0.102874755859375
-0.0307464599609375 -1.00477600097656 -0.1082763671875
-0.0233917236328125 -1.003173828125 -0.103836059570312
-0.0263671875 -1.00531005859375 -0.106063842773438
-0.0230712890625 -1.008544921875 -0.110458374023438
-0.0310821533203125 -1.01611328125 -0.114517211914062
-0.029022216796875 -1.00791931152344 -0.111419677734375
-0.016632080078125 -0.995559692382812 -0.10760498046875
-0.0199432373046875 -0.979751586914062 -0.100753784179688
