0.0495587647252845 -0.0198272343156399 -0.0207620038582577
0.0344469234357389 -0.0135634794317736 -0.0123996780354089
0.031324367057621 -0.0338676858986467 -0.0071420654113745
0.0314287629723521 -0.040263533572581 -0.011426558973094
0.0133211317725764 -0.0297368567318248 -0.0212520254988323
0.0026786074244017 -0.0234182407295028 -0.0277852922850147
0.0122537368076726 -0.0222725488285507 -0.0255226706228834
0.017577928458959 -0.0126201877736675 -0.0297059640631799
0.0207185943324894 -0.02113990641694 -0.0200701146070552
-0.00825606569535465 -0.0139243377594793 -0.0140215431392672
-0.0250150721191143 -0.0257820625130571 -0.0324213231106246
-0.0249242583259426 -0.0247058791165561 -0.039894685761605
-0.0227042472412525 -0.0321531427888537 -0.0420177577826162
0.00493110907439072 -0.027659591081563 -0.0341736831078968
0.0284066077673302 -0.0381383310226977 -0.0264148295880599
0.0166404957552511 -0.0489158776381394 -0.0191129745112807
-0.0122284367773168 -0.0577045755515099 -0.0120284333794519
-0.0283296424118269 -0.0525100798453104 -0.00902172450875243
-0.0145326037524534 -0.0427919387115022 -0.00775459246209273
0.0121171166437515 -0.0436377586737114 -0.00313880166076739
0.032365396727733 -0.0434697132089274 0.000328101446297762
0.0302939900318694 -0.0445493587148455 -0.00397343634639822
0.00779880093618804 -0.0468812225653189 0.00213905098755164
-0.00383468565360509 -0.0640519536936048 0.00302055730836787
-0.00374573607319645 -0.0608407140511872 -0.00551647188199013
0.00135927742037644 -0.0426681017208135 0.00206448247702943
0.00790985475364435 -0.044735513675042 -0.0074680363288002
0.0241564689836727 -0.0467134434166439 -0.0232834847783448
0.0295272659540355 -0.0338538374609783 -0.0328000246176339
0.0123815685399964 -0.0393423461515226 -0.0255567590848364
-0.000458063707493629 -0.0437237787769209 -0.0214597520638585
-0.00481579419919029 -0.0341595683541194 -0.0204280434575618
-0.0101916511756242 -0.033140642921055 -0.0183592999227883
-0.00924889214973619 -0.0352786286441707 -0.00767043657164622
0.00561181304901497 -0.0287546829218036 -0.00425999247969075
0.00779613777509796 -0.0276643847715251 -0.00850187546396896
0.00803369174433303 -0.0329800543073233 -0.0234635144680341
-0.0133285886236286 -0.0288910367696156 -0.0258678163001577
-0.0240888246919847 -0.0332596862217816 -0.0174714020153558
0.00450580224830506 -0.0255644822519976 -0.0031995217336212
0.0407807194562744 -0.00177233370544773 -0.0133610791889275
0.0452255353156166 -0.00599024823991523 -0.0239934835249599
0.0153954679456391 -0.0158455421698625 -0.024400414539524
-0.00192519915201828 -0.0149448610891977 -0.00753301745939813
0.0021678131273245 -0.00424933983533043 1.91747598485705e-05
0.00627786963764379 0.019259182055126 -0.000946487451414161
0.0118673121335021 0.0161251740843208 -0.0179704784036367
0.0151262223594321 0.0257660835465166 -0.0275211067048788
0.0228139694781638 0.0333228031396165 -0.0476998782844092
0.0270097797755836 0.0717860398153039 -0.0635866994511679
0.0544270231979494 0.0997465681000458 -0.0524919703498978
0.061674017156273 0.119005483839063 -0.0459491161837911
0.061674017156273 0.119005483839063 -0.0459491161837911
0.0452146163551473 0.162600365619224 -0.0375260702880885
0.0452146163551473 0.162600365619224 -0.0375260702880885
0.021779597710777 0.17521815654791 -0.0495523731386684
0.0386091779034238 0.187082539204213 -0.0364922311529198
0.0732643605364069 0.220422120258697 -0.0103389239839056
0.0887679528223032 0.261078736408174 0.00596867663508559
0.0659939307604906 0.279005272653824 0.0217329923917006
0.0294534963918403 0.292554637331821 0.0309011907604074
-0.00601661353470702 0.311451363162587 0.0368901074197776
-0.013476926696346 0.326336036811149 0.0272116473862116
0.018687934001304 0.326619663467242 0.018015752142168
0.0461714901348128 0.351383599495562 0.0259003068654566
0.0500666295451627 0.386615622820656 0.0345694288458826
0.0394014683277223 0.386526406924138 0.0333630168720767
0.0126007466977099 0.3905608296595 0.0383649660314635
0.0100017677899016 0.427865591261002 0.052294896429232
0.0506615797326864 0.42714946724388 0.0474793685461507
0.0689585616859668 0.442263439062298 0.0285219226425306
0.0544448663772529 0.53390121427527 0.0242534080473516
0.0323052092870972 0.579553920629736 0.0571738075462571
0.0123794380111243 0.616691169398673 0.0890369320924012
-0.00994131403315679 0.60049675312601 0.0897820845654053
-0.0565711341915722 0.544616176605095 0.093333676195135
-0.107260410799595 0.496192717452511 0.0765541634309817
-0.118237161864575 0.537711132530738 0.0754308420831863
-0.099485578313218 0.576263851419052 0.0896398717631951
-0.0734896639646276 0.653292323840177 0.0997508291577899
-0.0478812395546436 0.753771793872212 0.125927572144397
-0.0717985566724273 0.817589655705999 0.121479027859528
-0.108873221155747 0.793813752442099 0.111336112531853
-0.123457223917239 0.737137956019686 0.115301026762763
-0.115888520099234 0.6870321780065 0.13665638291189
-0.0995066172858297 0.726612344443366 0.167926687799382
-0.0818434676719881 0.788641627289056 0.170421537108569
-0.0867085303513449 0.770491651827948 0.144685813598479
-0.100415820481983 0.74690296878868 0.144458912273604
-0.0746044631969347 0.685215635826957 0.166026256045502
-0.01633476486211 0.611028223656728 0.163421151867186
0.00744566577564353 0.606983947225334 0.144494598632211
-0.0140463105374049 0.686861469380626 0.109135808839229
-0.00419261450411174 0.692303905384311 0.0879125454801697
0.0153139752162826 0.658329959358171 0.0859577852400515
0.0259535700872582 0.639199674299804 0.0999409788596216
0.034348386475406 0.591215370410975 0.13840128605811
0.0393005345224083 0.558127990711721 0.186461223721898
0.0384432629675118 0.610360302855336 0.221807230341648
0.0210514894687494 0.660364614430991 0.216346152210331
-0.00382776143477089 0.616445892262276 0.183888610108881
-0.0205510814999235 0.596050605686123 0.167607641100791
-0.0664679734345247 0.623419645892758 0.151048638074896
-0.0956756600577507 0.727766292143698 0.11991362177078
-0.0813731534234801 0.823917326456027 0.114959609511014
-0.0676690590861504 0.859249484638109 0.108802381070751
-0.0572393213090731 0.770796051140544 0.0970029795450462
-0.0572393213090731 0.770796051140544 0.0970029795450462
-0.0976189687051815 0.494141817097041 0.0756066107151316
-0.0976189687051815 0.494141817097041 0.0756066107151316
-0.166181252020944 0.505285814678478 0.0843550948960419
-0.235359790812952 0.583631486574756 0.101781223172866
-0.240314335704935 0.621965027305357 0.131704501180997
-0.181855286616606 0.584002731230713 0.175106570098236
-0.14251373941341 0.578983471524241 0.191627223604434
-0.123856165448533 0.504451712625065 0.195985220412239
-0.128498587860759 0.3848992154981 0.210628345349931
-0.128716967070146 0.376337685225713 0.23196985306139
-0.0836677330186924 0.453513164139011 0.255145213499477
-0.0309187676236019 0.508353243622031 0.274101061506443
0.0248616740403257 0.550392839325586 0.313363512825264
0.0686248676013798 0.527274470534826 0.328835413494188
0.0557599353235341 0.468533925319276 0.284753173234542
0.010957043672913 0.424477784038313 0.224266393292227
-0.00931413959644313 0.442457050873547 0.212292288399012
0.039021701556277 0.521802739759149 0.228037962027997
0.126299615748681 0.582304167087461 0.217545639965303
0.239291948162454 0.635557535193012 0.205234911510302
0.430041393871597 0.661694863395486 0.224849625570954
0.474363584945459 0.645034926564277 0.194413422736874
0.33335825997347 0.540368967298637 0.173142222478194
0.159947590857396 0.427923381856657 0.183478483301009
0.0192884768271169 0.381917274025538 0.183696862510396
-0.0716997533959853 0.400344484556124 0.187897732813887
-0.0767054309808983 0.456822674425652 0.211449664230111
-0.00864408826617919 0.518229310208481 0.199642273221136
0.0437152566614327 0.488874350776974 0.134035832399252
0.0337403867985409 0.374707031690258 0.0642402391826734
-0.025913888987016 0.380619781942452 0.0485265234867698
-0.145122305701143 0.450014303098864 0.05780923778235
-0.204162989171546 0.475110335315117 0.0656421271804911
-0.137766388454235 0.441525477124237 0.0717721913776355
0.0142258075948763 0.409747840049084 0.0661971299516636
0.144824031659054 0.361771525643525 0.072060345407582
0.223407790156785 0.277082204030678 0.0739687666447328
0.231383691305463 0.253705242298072 0.0494564993394255
0.198568486669616 0.28441282124723 0.00957566201548891
0.199734418594853 0.358096629655325 -0.0393881525222719
0.264898774675784 0.367191857410163 -0.0449339191762529
0.299404021339395 0.294914997005958 -0.0286167311773374
0.236822665199732 0.250648732314988 -0.0369966338633808
0.110548083165298 0.196266716539461 -0.0697210247060564
-0.0234845534406457 0.166349830117946 -0.0950178592685011
-0.103360477699283 0.149677110113505 -0.103563943206565
-0.120652648973277 0.126025310156403 -0.0749983447221575
-0.0903812958106732 0.0750681195427175 -0.0736449262561792
-0.0448476327569344 0.00718520862103378 -0.0860147768873792
-0.00465067821160537 -0.0479313069831371 -0.105903796540309
0.0455688167801278 -0.105062770268062 -0.155574414031377
0.0907378930806348 -0.178226463315264 -0.218161362809329
0.0665697061881657 -0.193344163559208 -0.239868256222347
-0.00378568348954764 -0.143843455745687 -0.197951165928936
-0.0878052200882395 -0.135009217777676 -0.149887499839622
-0.149762863900606 -0.187849263282047 -0.119825204822589
-0.149762863900606 -0.187849263282047 -0.119825204822589
-0.126995499741519 -0.3274846581893 -0.0664171070577041
-0.126995499741519 -0.3274846581893 -0.0664171070577041
-0.0355673153063353 -0.329947815881514 -0.0321267774940619
0.0304098375392878 -0.335814227130741 -0.00992240558941723
0.0742627796290776 -0.37280313782696 0.00658972580129207
0.128927356796262 -0.448123192408799 0.0349108460976307
0.152756789598073 -0.500205568583043 0.0393828262000918
0.19027779988009 -0.494537030202809 0.0259951154002634
0.227031020819838 -0.493119695870669 -0.00770559029803527
0.265783476789908 -0.580217580373383 -0.0618599058003605
0.319369207399501 -0.677875963862698 -0.100890662104344
0.359782943257563 -0.679682918662317 -0.0864856237681052
0.315725204079946 -0.591559450823813 -0.0356022027166153
0.24039076842822 -0.518582445369026 -0.0342887316669882
0.182679002341767 -0.509466977589902 -0.0371532277354774
0.165340225748697 -0.603494140932894 -0.0461195584935562
0.166491776604048 -0.685591940488985 -0.0868648579073325
0.18941094094527 -0.67574676657118 -0.129271969841318
0.208928183310024 -0.673420761675105 -0.152512844042222
0.223090607670957 -0.686088087400066 -0.16624143946158
0.198868624924468 -0.720427951759984 -0.17303569603459
0.167816965562471 -0.707886859870692 -0.174479661977631
0.0878832507081788 -0.64778836881531 -0.141209323111489
0.000564323834987791 -0.594150440248351 -0.111252489273624
0.000842357852792063 -0.597327058796598 -0.130481577608432
0.0692315356976999 -0.604216922852742 -0.128542263702637
0.133223834582887 -0.613290046370533 -0.115983328634041
0.160477293598213 -0.658918784275187 -0.131747644390656
0.158799768427572 -0.706936377677643 -0.139346708245088
0.157633836502335 -0.724036535037042 -0.122307803590761
0.148930892376065 -0.603575101030032 -0.097601658158096
0.129187813950872 -0.549338760166133 -0.089198852286678
0.112668492025219 -0.593202354900283 -0.107662548124197
0.13206882161812 -0.618645397006573 -0.106396481341974
0.140341132596124 -0.631409928111323 -0.078545142661925
0.104851847909728 -0.598636002472371 -0.0789360947099486
0.0448809222705604 -0.537237089856704 -0.102014516084357
-0.00544003915870486 -0.528066228326907 -0.098374507506437
-0.044867340149001 -0.661753452939467 -0.110914267815184
-0.0635201204239159 -0.700296850763966 -0.132598790675045
-0.0386328800371255 -0.600861339879242 -0.132068288985901
0.0329872448422665 -0.44233268125064 -0.144694335713967
0.0985990119863307 -0.369229974592401 -0.139419146226738
0.117409717713887 -0.473640536709502 -0.129781166241741
0.101827295859725 -0.545265455278857 -0.122656145061343
0.0711197169105661 -0.571126081044071 -0.128448520432266
0.0326226580890346 -0.560780765473549 -0.131061614093852
-0.00483550159125687 -0.533347276768534 -0.141102264035668
-0.00936473965715463 -0.497108844867499 -0.142153147401814
-0.017173926921594 -0.511082717423254 -0.109172027830054
-0.017173926921594 -0.511082717423254 -0.109172027830054
-0.0553703148560555 -0.61067349059953 -0.0724912448719569
-0.0698773522620441 -0.634245928356148 -0.0930226189798137
-0.0738939318181016 -0.552143335110095 -0.0779491272099653
-0.0738939318181016 -0.552143335110095 -0.0779491272099653
-0.103089900532531 -0.566300965781065 -0.0431091211973306
-0.103089900532531 -0.566300965781065 -0.0431091211973306
-0.188973916210388 -0.760122900439833 -0.0627850879630541
-0.188973916210388 -0.760122900439833 -0.0627850879630541
-0.225411286244852 -0.743360964538875 -0.0632218463818271
-0.214191122256239 -0.697403592555704 -0.0490948420633927
-0.152930960333364 -0.670252132610128 -0.0119288311546829
-0.0346011204628545 -0.703430592418662 0.0247817792076233
0.0569106872305573 -0.788000604414674 0.0183129609198209
0.069168152463756 -0.814543265735057 -0.00508237662430722
0.0372959731699057 -0.810528816707872 -0.0204402939985762
0.00695324729008788 -0.866248271982837 -0.036971600149134
-0.0334644833096087 -0.892199711541223 -0.0354131182792197
-0.0673942208616542 -0.854123964804142 0.00481552788308128
-0.0943978753667307 -0.86825815965752 0.0354115203825656
-0.11181468257974 -0.95375175591957 0.0275301614525851
-0.138784248622863 -1.00942806798488 -0.0017747305504288
-0.168604462296808 -1.08965339897853 -0.0439853011959667
-0.178290379181426 -1.12808441140503 -0.0975968644681338
-0.195838213920067 -1.1281810841526 -0.143753174584733
-0.212617460368111 -1.01735656486615 -0.149078964132674
-0.22794315349319 -0.92783893219699 -0.171520357374335
-0.263835374452515 -0.929175040115883 -0.202963235100465
-0.215646539791967 -1.19013766270053 -0.226384138991058
-0.0881556920876939 -1.24347012669046 -0.224844831880992
0.11887205946845 -1.07527126382767 -0.223947879225853
0.31649459131887 -0.957312402297006 -0.210460566201256
0.400248344440772 -1.017417284939 -0.209501828208827
0.326031903814662 -1.1012743687112 -0.204229834514907
0.242671499585764 -1.21933256615052 -0.215169567640734
0.206983276765939 -1.24413698222741 -0.248795172196293
0.214236662310879 -1.19178136572533 -0.261408968383344
0.258122627598186 -1.09433923091653 -0.242478686722843
0.322122649650534 -1.01275595408304 -0.200890763140165
0.30193429069108 -1.04921729256731 -0.188411190272054
0.192098336801269 -1.15573707826776 -0.223168105658678
0.0992440296023478 -1.29521800983179 -0.231071302509597
0.0802881815953819 -1.39891457846064 -0.193081842191835
0.12013093571573 -1.37728784619643 -0.148727959501001
0.12308384873241 -1.26527635601213 -0.112139321916621
0.115579593412785 -1.27281576505815 -0.105843609099673
0.0904947464731105 -1.38285438550691 -0.166213209954025
-0.00304559102261462 -1.48280654964311 -0.225311950336192
-0.132303179794046 -1.52331589298431 -0.282612524350337
-0.208225108782243 -1.44282930588772 -0.321879236726901
-0.268681262372023 -1.45620929352038 -0.266080152935343
-0.363290326413197 -1.64167156551739 -0.19613009637554
-0.491242167302163 -1.82520996994293 -0.190694584590688
-0.516837808538915 -1.91607968949752 -0.223259718400177
-0.406896926102155 -1.87565050730514 -0.239909268903134
-0.330016791753747 -1.7875467468587 -0.206685801672178
-0.37729162952818 -1.84028532592554 -0.156139004182474
-0.461701319226568 -1.97970314057173 -0.156455920352193
-0.483071322761691 -1.9991024049002 -0.145024035056919
-0.384473908672014 -1.95232904035903 -0.195986818308893
-0.384473908672014 -1.95232904035903 -0.195986818308893
-0.305270698904731 -1.82246078874964 -0.281206375294775
-0.47018907993676 -1.81410645241006 -0.415770578854299
-0.47018907993676 -1.81410645241006 -0.415770578854299
-0.617954839335915 -1.97544368072426 -0.378501769927512
-0.631059988744086 -2.00965171861022 -0.418263297634613
-0.411632026520315 -1.85614658074583 -0.539001434078881
-0.111511082215471 -1.63055899323682 -0.582707635992608
0.143719885071107 -1.43320490802428 -0.527719751069088
0.182668882329625 -1.40089463873111 -0.502581108275393
0.0690411196797592 -1.49682090224744 -0.498912870189918
0.0338666206342106 -1.51739808272604 -0.493002783098815
0.0784466057015921 -1.40396792662906 -0.454803998319372
0.0475941507891331 -1.23465186768899 -0.398238989398307
0.0398118614517035 -1.18243100713806 -0.404639098129985
0.0404371716756541 -1.23575281848362 -0.421832466127537
0.0100869889447841 -1.27234758133851 -0.367828352910692
-0.0507989988449344 -1.3188642171506 -0.260834790852323
-0.0214275278146685 -1.34962159721214 -0.202840729690321
0.0835223244231741 -1.24523953091871 -0.201263073060558
0.126213329329362 -1.22557102100403 -0.290390552630022
0.204524912763687 -1.29204485339296 -0.358942982249752
0.325211916515026 -1.31441647181406 -0.425786195081869
0.39207190726201 -1.17296027366952 -0.472689255568126
0.441246111525888 -1.0327730717844 -0.473895134909714
0.378950246255081 -0.954419943037071 -0.411519108490096
0.247452672690784 -1.00252222496219 -0.375938743694419
0.178894117800547 -1.17598376045509 -0.344078282309365
0.219576033980379 -1.10001282930283 -0.232308607152048
0.140890542729007 -0.950391911888326 -0.101636347209566
-0.0287387039552631 -0.876198108131482 0.00206554774146546
-0.144116163441311 -0.851648822887022 0.0700501914167902
-0.136219890809226 -0.765160535957827 0.0703335517567747
-0.00443922322105308 -0.677529752920988 -0.00895301495262838
0.13599325580046 -0.501295866733321 -0.0655116322870772
0.212694692039723 -0.413117271460253 -0.0995814521124609
0.220908147157637 -0.374641784243551 -0.096190182780354
0.136422557368181 -0.274128225749562 0.0161462130569324
0.00145914596125441 -0.130294890016018 0.124715301216193
-0.161277839821891 0.011258779824419 0.15387957831365
-0.269638136151689 0.12987011582215 0.122817532623402
-0.270429893943769 0.252571268305916 0.113451195069594
-0.19547762190847 0.344947005456949 0.128500718389631
-0.120945596693186 0.358371201563712 0.139107023746981
-0.0069370020074384 0.355136792419811 0.0818304181826467
0.103889647807882 0.442532950964614 0.0524733282222673
0.162188640914698 0.563630347839934 0.0182341313515545
0.209961756129084 0.75395501935521 0.0139107556379199
0.161738566690474 1.01384678486554 0.040533311791006
0.0267791500251828 1.24202216600578 0.101213969860679
-0.124502248328986 1.28115678559228 0.210420618784905
-0.158908691716156 1.48777920403051 0.272358288889096
-0.0560486219856986 1.71162881261214 0.283772064688957
-0.0129895682168615 1.64369583426196 0.297004779513343
0.0751599986003253 1.49307489985813 0.178202228549344
0.262475298083812 1.64309848722946 0.0645177405682596
0.316655978880929 1.77689383618228 0.0922023653640693
0.17732551591849 1.62629500601549 0.131739122275168
0.17732551591849 1.62629500601549 0.131739122275168
-0.0347545185416431 1.27444801649026 0.212636901444069
-0.0347545185416431 1.27444801649026 0.212636901444069
0.033105222878557 1.24090949730235 0.188878841359472
0.191535610862935 1.08019092130937 0.0923275339353031
0.263318987517149 0.990163825923679 0.0460716215939348
0.262953335499481 1.09368808803 0.0153083825779935
0.208159861335536 1.11454756358416 0.027459853999807
0.105089668195072 1.17118607575131 0.115965219138628
0.0256164138932542 1.29093111942509 0.242292265446537
-0.10038439518112 1.25133816981499 0.342048420926507
-0.147748715168179 1.24449863950345 0.373464134409518
-0.115557755491846 1.28205959720181 0.422024746358241
-0.0760841154985828 1.31975744138021 0.404456937911424
-0.067791564496294 1.47781338891533 0.3343998222758
-0.0248164003017944 1.68629336221389 0.278782898702803
0.000833303105085794 1.70466198320049 0.26740427662933
-0.0297637546588346 1.56030640157718 0.320111430395306
-0.0625888129907152 1.48104859700755 0.343018876827732
-0.0165912272750846 1.54968092145999 0.380074100235095
-0.00207327090862669 1.70874993547376 0.404093682738737
-0.127184850495023 1.8495762960205 0.415585755474647
-0.232167193298165 1.92232373698932 0.397288773521367
-0.225265345017115 1.88728505915937 0.299038369321727
-0.16662546729077 1.66705255597028 0.189320926100425
0.0351912769604161 1.55355102715609 0.177811276501321
0.277601786759353 1.42855928981875 0.253320415520555
0.342548296263115 1.37998269890348 0.296784269775084
0.238027479276884 1.33640352977375 0.309224960491281
0.0570534326649855 1.29221369780607 0.287562808184576
-0.0891538448642556 1.34756616948282 0.246265169160717
-0.189419995692976 1.40437752080472 0.203429288291229
-0.272239245588369 1.43138277320645 0.231252397463723
-0.270668246861331 1.51248641472761 0.228238231741971
-0.172494808017195 1.60833012025015 0.181645163206599
-0.116273080560642 1.57897276397366 0.14706401645192
-0.143708966110638 1.57236279814808 0.125332621956873
-0.197776462561427 1.66152649670837 0.124819164498706
-0.221907098882525 1.75948794792974 0.117235014346378
-0.227139411476204 1.88961026510712 0.116371617520974
-0.287413138531314 1.91788451376827 0.134876326039281
-0.285882886168954 1.66073340733574 0.164264841300523
-0.0476980140716462 1.53143933325738 0.238642136856474
0.26892627319231 1.63327328701983 0.309178621488313
0.385278715953436 1.63434707357135 0.233783465763734
0.185998632640551 1.56116340681597 0.239594483262287
0.0445395050188122 1.36997773532027 0.301449062740467
0.0161137224916334 1.36540961510246 0.353408933504567
-0.0350397430943906 1.39594595279353 0.327175731502851
-0.0989705229583967 1.38056140380836 0.24300279682537
-0.205535848713481 1.52584909181319 0.222700987203478
-0.283714274093302 1.52623498385515 0.237711095739383
-0.104530936998373 1.25344899129498 0.33131801226236
0.0108989867611493 1.27889922393622 0.392680439571094
0.0383937281712363 1.41460459202284 0.417887259288694
0.0383937281712363 1.41460459202284 0.417887259288694
-0.0753301745939813 1.1757004001151 0.428731651247496
-0.0753301745939813 1.1757004001151 0.428731651247496
-0.254869576326654 1.23386197410967 0.483138434421161
-0.317044534083971 1.49149431375117 0.515984265409544
-0.259829980173036 1.60724301789318 0.48599227784529
-0.237777674766635 1.76113458043173 0.427853873352206
-0.405669208839628 1.85791225654856 0.387430283798111
-0.505708724659583 1.593575941495 0.34712919965416
-0.3884587966111 1.40994512537964 0.388851346555778
-0.251551011292307 1.28834838579993 0.443775315613136
-0.1616269802408 1.2656420080298 0.441687929950732
-0.040162866083376 1.42776620044612 0.454281486113498
-0.0334330580087457 1.42251284887983 0.432995372152713
0.00181734112787007 1.21374312365466 0.389222058579517
0.153873186727034 1.14140208106819 0.401720806207477
0.209650432597654 0.947681612846953 0.412718596245068
0.225285318725291 0.800633575361574 0.363479943482811
0.291122921929794 0.94092570579364 0.394533467057571
0.286785697778491 0.983587948560055 0.375340597713588
0.198631337271342 0.731108026679529 0.318128440647633
0.149688029073975 0.509895480209296 0.266830099098309
0.174815220274981 0.485601858429484 0.238265565878337
0.237267413101776 0.613129990389019 0.209434183917139
0.296373610334994 0.658502798512917 0.15688895034544
0.370353562256305 0.638870507589071 0.147124736524773
0.283312669400919 0.565580048073981 0.146912216269785
0.121862256740391 0.443645619668049 0.146702359175887
0.0323723209465672 0.38952459367935 0.15931562273072
-0.0174698041187018 0.383794003645717 0.135159686379265
-0.00856179658849574 0.378562756316475 0.110697486502452
0.0387995939213644 0.439758736057078 0.129596875494308
0.0346482584141489 0.431192944726947 0.125252727124171
0.0333710063553469 0.369334104191023 0.0951994868548445
0.0762697378265613 0.304680542407169 0.0379415234181409
0.218443924200986 0.181170321584237 -0.0619467248518971
0.255319384234769 0.0481712577973533 -0.109812784388327
0.0667204411058642 -0.0836405687755736 -0.0708747060902788
-0.115037906447063 -0.194004893825656 -0.076663885667893
-0.130961745552974 -0.122693163000496 -0.0436092628500475
-0.0748638550871085 -0.0966378601595963 -0.0193297558240131
-0.0187497193385939 -0.164439544668033 -0.0240856288986766
0.000747016685767226 -0.195211572115571 -0.0271019251493004
0.0411767315103692 -0.266320370065668 -0.0555663235122853
0.00530954426529098 -0.312493990729353 -0.0636042763143624
-0.036499421687863 -0.358677997721289 -0.106966930447469
-0.180995884532837 -0.527271807373736 -0.232024181547628
-0.44882360377549 -0.659589368237669 -0.340444665318061
-0.74871764675546 -0.700457972009916 -0.41811362798135
-0.930156414977577 -0.482241481766022 -0.391167231439711
-1.00593373431858 -0.303703961235437 -0.33516468214087
-0.89981368909776 -0.539689328588449 -0.310786105522285
-0.728867242938336 -0.603357787085082 -0.277730417440003
-0.456985926200474 -0.581873267623086 -0.251734236775304
-0.123149096179117 -0.526857685824229 -0.163983078857193
0.159805910687404 -0.601330855179423 -0.113477826680494
0.340037467987388 -0.563616765718374 -0.0320245121082028
0.340037467987388 -0.563616765718374 -0.0320245121082028
0.208033361183758 -0.645930547638871 0.0611557660081436
0.208033361183758 -0.645930547638871 0.0611557660081436
0.112739065794106 -0.886698419677446 -0.0281677222175501
0.16056650949473 -0.850013641977714 -0.0306758873321867
0.325936828963746 -0.769713209841318 0.0196988699510981
0.379774228296352 -0.805517812800779 0.00750372268740726
0.324235601659403 -0.973421597414787 -0.059790097001151
0.283067125948413 -1.24889924688869 -0.183733081501221
0.314965137904837 -1.70725723368277 -0.317793947614719
0.37207289905606 -1.8945381783882 -0.330263933102906
0.409912157088342 -1.59667958942938 -0.209521535600894
0.373707281017042 -1.38043490365658 -0.178562287928723
0.275696827631619 -1.20527214085934 -0.135672078572997
0.120430008706146 -1.45306037184747 -0.128588602705604
-0.11347090246166 -1.88376888757214 -0.291668337321042
-0.232011398374395 -2.16091980115894 -0.460409419781771
-0.194987866584005 -2.18616736724122 -0.49950302668748
-0.0797965620581532 -1.86626100024985 -0.424709745369259
0.0353028634100904 -1.42804130498673 -0.248199156744333
-0.00836099424230377 -1.06159966005564 -0.0610774690720953
-0.0906233771537614 -1.24894931431719 -0.1159407180566
-0.189352884033506 -1.87578473062408 -0.373810877983446
-0.339912299416155 -1.89502580318379 -0.528541069949268
-0.325697677097857 -1.59621939519301 -0.479666204991916
-0.279759746190644 -1.08800996226984 -0.443827513570501
-0.283774195217829 -0.954844983547048 -0.296201037496357
-0.20891326960792 -1.16086020125674 -0.5904622284547
-0.19392872741848 -1.41491458397372 -0.368632627559896
-0.214678480735723 -1.44892687951956 -0.638137073024863
-0.23466763524564 -1.36402796712893 -0.386143444359385
-0.11762649902662 -0.958446109973053 -0.580311323643754
-0.0835910339792981 -0.913604602486626 -0.352268567925795
-0.100869623131732 -1.33715267698839 -0.502915068676089
-0.10695041884871 -1.46644941422785 -0.374022865606216
-0.00891519806514926 -1.22347111848451 -0.3316562337208
0.0293232678145355 -0.908401318348829 -0.331569414669263
-0.078375765616596 -0.911619215893972 -0.18236687986201
-0.156115568364881 -0.984582372911091 -0.401421466900952
-0.160480489391521 -0.948695211957837 -0.0916500257539869
-0.131780134955955 -0.684670486751817 -0.310756810750294
-0.0738361412224469 -0.618330078733507 -0.0449754644892582
-0.00169350413718139 -0.572644349181525 -0.27572612240361
0.0085165228499644 -0.56112937326024 -0.00426904722739702
0.0173046881311169 -0.504358501986912 -0.135414284579477
0.0195148455197736 -0.498019379644197 -0.0638088070860805
0.116331137472405 -0.509949542379425 -0.108508900718625
0.233726740432515 -0.421416214049158 -0.150595900689583
0.291938648171685 -0.341079829238045 0.00627067910270057
0.295850831813012 -0.236451154227666 -0.0255029632308168
0.253648516966853 -0.217639383235674 0.00496519753634373
0.189927594196745 -0.276868085879036 0.0104246777710062
0.171906249416288 -0.300496982650764 0.0133461654868231
0.216440694429029 -0.24249546463771 0.00549942765101363
0.280246039405692 -0.15870362831222 -0.0202016747649051
0.280246039405692 -0.15870362831222 -0.0202016747649051
0.491376923253321 -0.018150774409435 -0.0716470228064017
0.491376923253321 -0.018150774409435 -0.0716470228064017
0.54531019638517 0.0464095767362658 -0.147717556183425
0.597609087556037 0.0458745476732689 -0.225013676294103
0.581198688918969 0.0414313297105807 -0.193192097060964
0.532218895414667 0.0473424820661206 -0.12759098256126
0.472331326717619 0.06177415201326 -0.130472522860726
0.37721093574715 0.124926489890636 -0.0813707565784991
0.350818743028356 0.0434984753487002 0.0217239376439944
0.389766675022438 0.18461378887371 0.0663164395684991
0.360080684667434 0.367918900387755 0.0267956616239413
0.430686145171505 0.177516464568649 0.0454692145553589
0.709294606822908 -0.0345390688094557 0.0176578232916614
1.09038390406554 0.0316676485221322 -0.000766990393942821
1.42503992243821 0.341737363711186 0.0426681017208135
1.57039818421193 0.302410730210095 0.0583535879091622
1.40758955939546 -0.0305813451134889 -0.123895047600448
1.15734775809504 0.0143339319351335 -0.208218184563409
1.06915984175815 0.0689574964215307 -0.113115636772244
1.17570998749503 0.0890571721166858 -0.104216950305853
1.49576016518526 0.128041589417702 -0.0957182706351919
1.83909036554442 0.119253956768767 -0.124402113471999
2.05678114778913 0.247064117487741 -0.180061647622437
2.16930716069603 0.33879936439661 -0.259588964094384
2.04735915016854 0.272623273417558 -0.208969195990812
1.75776648060111 0.106898487207454 -0.187431679623123
1.59117563440451 0.0745256336286684 -0.172566979682736
1.63447091056204 0.134637174173392 -0.168676101330131
1.77269536272377 0.242427021397695 -0.100437392086812
2.04877675081679 0.429329797228328 -0.0815172304384534
2.55282366295617 0.429515153240198 -0.233070271223811
2.88895374099219 0.291783652196243 -0.452241504718498
2.96474171297756 0.31929703573396 -0.625304897628425
2.7390702358942 0.497689946617354 -0.623581299770926
2.47585990534953 0.370595909915503 -0.599485018227889
2.30528070910443 0.363744661695165 -0.539757771828464
2.11331047035159 0.364090872636875 -0.401252089855623
1.97880592160049 0.456813619677946 -0.379301250886754
1.92330085079327 0.374230592171243 -0.416508807108469
2.04630160889967 0.291131444045282 -0.543263557087444
2.3877297796083 0.451031098003057 -0.68483879853271
2.14911001330498 0.267564332610844 -0.63063494823411
1.63615456100319 0.0848014406947391 -0.429378266760167
1.38381738455709 -0.0273288264741751 -0.347431734753993
1.43362914958593 -0.129246936127072 -0.421768017629157
1.37037081789717 -0.23327187251833 -0.426009367981217
1.01861091373958 -0.287626990366847 -0.289687478102241
0.811580232706235 -0.26713316683036 -0.154538976999554
0.930316470959091 -0.18933291032533 -0.130408074362346
1.23246514611792 -0.143981141174044 -0.225734860317296
1.27702276063215 -0.149851014532688 -0.360820510818258
1.16150655045331 -0.0739775550763301 -0.392064716727067
0.924075619260599 -0.124155238438949 -0.260662218013686
0.634195061979328 -0.195164434164277 -0.0285118026303883
0.435148537894042 -0.156501460406833 0.138821532878124
0.244802561090046 -0.141055392400483 0.146001947809196
0.244802561090046 -0.141055392400483 0.146001947809196
0.332184871197181 -0.0409506291338214 0.0245101367764353
0.332184871197181 -0.0409506291338214 0.0245101367764353
0.224455477729622 -0.038649924268102 0.0113706325902023
0.0256262675892875 -0.0169566129766435 0.0910859682351081
-0.176302329427682 -0.00168631360223817 0.166475265005289
-0.297092663829316 0.098611528843454 0.197164468142926
-0.323558626110305 0.0749195151538911 0.192499675177544
-0.377742769016839 -0.0331616818936667 0.069806778493157
-0.394473279616935 -0.0801563551214229 -0.0116848855988317
-0.534863148061007 -0.111190437620225 -0.0402707241075242
-0.785005080820553 -0.153901948866807 -0.00194304233132181
-1.30295049805683 -0.346102284737826 0.0165819062112694
-1.73568674463548 -0.0490897820573216 0.18142997979052
-1.92638026396173 -0.174693513813165 0.375230342844458
-1.98825321925143 -0.361861806804479 0.313154720995801
-1.96961854847193 -0.213080584081676 0.0317257054338959
-1.86608070424405 0.180858998052807 -0.346356882938037
-1.63514548926615 0.535945456728015 -0.320192390492445
-1.63717029064294 -0.0631781705399498 0.170927005083466
-1.95646865795745 -0.718197820663152 0.533919590086792
-2.37742121566082 -0.895712953651256 0.560140008915276
-2.65219073060087 -0.817906571875719 0.45420585233854
-2.62418892331924 -0.368182553335673 0.183141327107005
-2.48869367864262 0.174144636312499 -0.0297272693519005
-2.40498413399481 0.261091519581406 0.133892021700388
-2.53798266514948 0.0890041752109932 0.35290879185185
-2.36879603583838 -0.480605235592278 0.562189045057983
-2.29631491097857 -0.682666191715424 0.526388703156266
-2.40362459025833 -0.506304473795433 0.383309308327323
-2.62085198247337 -0.108987204450403 0.269176344018669
-2.9621501909208 0.362695642541782 0.448391639046679
-2.91178795049464 0.101662978820467 0.502970995058981
-2.58480849396413 -0.170809559679393 0.486340619315872
-2.35106444298453 -0.299880727174519 0.331016542426963
-2.33710708202753 -0.258027286431161 0.221269271801452
-2.57966672884751 0.0483534180159147 0.135456895156918
-2.90442404376446 0.343272143447399 0.132937012133485
-3.01185702740269 0.108681739873371 0.150280582416517
-2.85261437528584 0.0492799317591532 0.0966764759954025
-2.60829544424975 0.174198698482628 -0.0323440914390123
-2.48206613595385 0.251179766636349 -0.170471071904844
-2.48603957230025 0.171283868669536 -0.30954453982209
-2.49069584315014 0.320677618443057 -0.364833894581007
-2.51860417347752 0.37265027238039 -0.303135908974923
-2.51409144701038 0.17190571678407 -0.127259152689436
-2.4143496726003 -0.0845993067680021 0.06789196566939
-2.24406741881674 -0.131248568002375 0.141562990904252
-2.03768867961825 -0.0654186879650334 0.0877634084591253
-1.88148762378237 0.0960724710601725 -0.0220275380082634
-1.87273274801485 0.233887329046247 -0.115619540829136
-2.03321962899299 0.0723586194496709 -0.00481606051529929
-2.19036157964198 -0.315464214293118 0.22304932867406
-2.23863936388294 -0.598719093098382 0.317961194131176
-2.10638305572408 -0.560245470094443 0.311209548135608
-1.9526387659938 -0.41365762684543 0.153290487080525
-1.94962726343314 -0.416668064141655 0.00805979072301581
-1.94962726343314 -0.416668064141655 0.00805979072301581
-2.32399154629111 -0.802891935965961 0.0216291291091875
-2.32399154629111 -0.802891935965961 0.0216291291091875
-2.47084677091356 -0.937544556473675 0.0557612669040791
-2.51763478284073 -0.882499679902827 0.0894502546935814
-2.46420484715491 -0.729558066925103 0.163094115685325
-2.32742995357451 -0.392367518143009 0.211500264290823
-2.19088355921564 -0.226901324874751 0.212546886599224
-2.17505479496064 -0.426244258789362 0.178154824281941
-2.29585018936835 -0.626739542507651 0.136650523957492
-2.36067339451364 -0.630464505924344 0.113372898133545
-2.22580559058985 -0.538547098796914 0.0405439644353663
-1.96376252355096 -0.362361149508868 -0.00375878556253784
-1.62093965537945 -0.140774961537698 0.0374605565252726
-1.34497012005221 -0.0521034151468553 0.120260365344708
-1.14654304723648 0.00934769542617813 0.104800715216798
-0.979819575617593 0.14849466658951 0.0196658467535811
-0.761081904748371 0.225158019625185 -0.0862885498474394
-0.500942465256668 0.455612800342429 -0.0172823175779602
-0.180949279213761 0.508287463543106 0.149325040217397
0.0538262140560275 0.380014445426677 0.23861390734892
0.206443187696871 0.411193403888779 0.231042540369824
0.371110166321997 0.228093089462562 0.160159844796275
0.572719982956483 0.181831850799013 0.126357938976554
0.901989758024463 0.297729159329844 0.121251593902436
1.34205821971632 0.306713865899445 0.198532800311009
1.60031240747235 0.156218632699067 0.301964650727507
1.72325777182808 0.42390147597842 0.38529389597165
1.75242178260943 0.184238549476118 0.253791795033499
1.7145516319085 0.0753450882960858 0.028769596623908
1.71307650698071 -0.0397298360901291 -0.117821975050632
1.7281601187627 -0.258085077026816 -0.327434058128588
1.83442956732067 -0.190761696250158 -0.566242376237084
1.97108568391646 -0.0241258426311368 -0.654913389995708
2.01401610700464 -0.047322774674054 -0.576433761096599
1.78522154091095 -0.292792990249383 -0.341721384744645
1.43500227544397 -0.610612237894458 -0.253996325805217
1.24304295565161 -0.573690971489926 -0.37923786765281
1.27566561374064 -0.45912923824577 -0.487523062839867
1.48304490256068 -0.337872318021154 -0.4867198534551
1.71302590692 -0.293368765677058 -0.374700906419751
1.79398973248393 -0.420813274378364 -0.286334025657613
1.7261646121579 -0.467342693363683 -0.22001865135355
1.69177148457618 -0.491140700864631 -0.190606700274715
1.6863468917518 -0.399470701402469 -0.155237257837373
1.58631323488624 -0.323512020791229 -0.145692488490529
1.34193171956454 -0.346921473089134 -0.149974318891158
1.09286943231091 -0.338377253363833 -0.141432496010838
0.912879157405688 -0.36450818997969 -0.086139945458613
0.875872936162383 -0.351002767459681 -0.0417301363848876
1.00790127773193 -0.342443900348384 -0.0143677540809775
1.17425989628148 -0.343189052821388 0.0070110378857426
1.34242493699842 -0.241456032864252 -0.00448369801125741
1.05431218604874 -0.627854341739958 -0.131856833995349
0.545893162347788 -0.0175006967873467 -0.236497226914525
0.251289488873261 -0.0105610316188182 -0.0950343708672596
0.250922505275048 -1.11852765783328e-05 0.0075218321828198
0.250922505275048 -1.11852765783328e-05 0.0075218321828198
0.320203575769023 -0.0614487137280523 0.134327714854725
0.414556177397222 -0.097098853344289 0.289283210248767
0.621131191568053 0.225861626785184 0.237092709734266
0.929144147447238 0.45698166514273 0.0781440706017591
0.998048114330858 0.515264945599114 0.00439048737310463
0.748384485303091 0.584514857108335 0.104909372189273
0.402869693901737 0.436431915223351 0.144985685537222
0.213893380846368 0.34631320709616 0.108170146627966
0.220479644538243 0.335708233319355 0.100756438785404
0.234687608953816 0.311301427193215 0.090208190339818
0.220720127984677 0.332619765403191 0.00355478742303777
0.242999867348171 0.385200951649606 -0.0953811144411879
0.353168716374242 0.398961238685936 -0.11421978336019
0.470334222216169 0.257935407373553 -0.00939083863583741
0.502419188081117 0.155720355259113 0.0452843911757074
0.488943060333098 0.20688660401837 -0.0145973185669423
0.513738954294498 0.354356219904308 -0.0342615674238694
0.538354285933992 0.344869241153119 0.0482820452987006
0.525738625534177 0.353228637498769 0.109018629751266
0.490059723778168 0.317748940192297 0.0807113578925954
0.380081823402256 0.171713969185584 0.07898136844848
0.208281834113462 0.0358410882663954 0.0615184885486124
0.113935624071879 0.00200509398472066 0.026046248093193
0.0929997157944391 0.0861138464799302 0.0270193671555079
0.11351670883241 0.217532324159852 0.0168791149889222
0.134436904459418 0.234753921664959 0.0406845793409225
0.202415689180345 0.145710597985941 0.0392422112945356
0.282830903559723 0.0514938175733361 -0.0111831460494607
0.32164061749323 0.0144875963300311 -0.0171667363866508
0.294542420769456 0.00354733057198555 0.0187752856850586
0.302737500075847 0.038818236048995 0.0253639462219147
0.32482442657642 0.0560582093656229 0.0417077658317309
0.341565323504767 0.0967398592293463 0.0452140837229293
0.369807081600621 0.0372336552003978 0.0433189782912289
0.364121232673302 -0.0214714699726548 0.0217601566348194
0.33998340581726 -0.00669305645158714 -0.0191097787179726
0.369834778475958 0.0757621393227922 -0.0612750756249791
0.39512415618735 0.102637695779436 -0.0502101739279179
0.386693653440595 0.102575910442146 -0.0588643822062394
0.371128275817409 0.100347643558077 -0.0921821253397847
0.3404369421509 0.0477981489286332 -0.0841447051699256
0.242279215957196 -0.0256241370604154 -0.051389954290823
0.102353802807233 -0.0364213910679237 -0.0457477812053812
-0.0171169352742663 -0.00859695031488479 -0.073939471872742
-0.0864360889718298 0.0100406499418167 -0.0929560399525618
-0.0598433602229525 0.00171614100644706 -0.0798117420763667
0.00759373753225194 -0.0489441071456943 -0.0619547143351674
0.0408579511278867 -0.0603922377236179 -0.0668884865706482
0.0324618031591938 -0.0593831659865869 -0.0787443471114629
-0.000770718819468932 -0.0276473405405486 -0.087653153589996
-0.00577186903052873 0.00747895528926952 -0.052396629182873
0.0151374076360104 0.0129557460710175 -0.021139107468613
0.0513026026070684 0.0249937668303937 -0.0163731143818072
0.0574771415944171 0.00901187081271913 0.0103762082391667
0.0574771415944171 0.00901187081271913 0.0103762082391667
0.0440787781502285 -0.0369676054074989 -0.0005747101632391
0.0440787781502285 -0.0369676054074989 -0.0005747101632391
0.112914301793834 -0.00538118329861411 -0.0540909322683814
0.112914301793834 -0.00538118329861411 -0.0540909322683814
0.130672526258591 0.00434388205402825 -0.029273999334369
0.126274848350543 -0.037341246908437 0.00369327179972189
0.127399767594993 -0.0298535031875702 -0.00482138683747945
0.148915446041743 -0.0317928170933659 -0.0152279551130731
0.146217930173601 -0.0862206392396424 -0.022853650578406
0.099551358392143 -0.0919267281912461 -0.0448321864226119
0.0324367694449471 -0.0711293042904903 -0.0702243621520814
-0.0390629805531733 -0.0578521146759003 -0.0828717141688677
-0.082644546527884 -0.0325813790921384 -0.113290340139753
-0.105094994517252 0.0375971766891936 -0.0707095901026939
-0.0811185552232686 0.0217359218688997 -0.0170266541133126
-0.0628934786194203 -0.0101319963672065 -0.0040400153736502
-0.0657518494174023 -0.00158564611303318 -0.0350344167722104
-0.0667516000906181 -0.00692634936307808 -0.0371947730484827
-0.0591770373182147 -0.0314087892641765 -0.0307392705661306
-0.0368336484046679 -0.00880654109267402 -0.0368112778515113
-0.0114800885110046 0.0415626235523216 -0.0438542736703348
-0.0502634371497195 0.0807065642026333 -0.041070205066766
-0.0801811225195607 0.0580316117333716 -0.0276196436652118
-0.0597837054145348 0.000562459622224735 -0.00290923717480256
-0.02127412973588 -0.0322016123206931 0.0114063189488094
0.0220528380386191 -0.075554146441657 -0.00948564717064423
0.0341601009863374 -0.0594063354880705 -0.0456108947253511
0.0224427248222067 -0.0370831865988084 -0.0606694727930951
-0.00139736062396458 -0.0213007613467808 -0.0438553389347708
-0.0335779339720461 -0.0440058075363603 -0.0208211260344575
-0.0590454771603648 -0.0527486990789815 -0.0286460259493283
-0.0431280296410702 -0.0334053611334089 -0.0316037326559703
0.00178564951089813 -0.0298164852484181 -0.0374232722700115
0.0315472736408606 0.00992560138272532 -0.0487038900153691
0.0304372680985156 -0.0146425923054737 -0.0316798990631466
0.00502858077028762 -0.0746255021695464 -0.0150447296300756
-0.0193981990640282 -0.0684152768235906 -0.0292335192857998
-0.00778149038910253 -0.032029039482056 -0.0396880244610149
0.0200922188441028 -0.0499329388584407 -0.0372283288782177
0.0509790285346238 -0.027258252705288 -0.043189548662251
0.0581258876359604 0.0015997608668106 -0.0344916645420522
