-0.996368408203125 0.0166778564453125 0.0601959228515625
-1.00062561035156 0.0116729736328125 0.0594329833984375
-1.00093078613281 0.0106201171875 0.0543365478515625
-1.001220703125 0.0083160400390625 0.058349609375
-0.99566650390625 0.008544921875 0.0547332763671875
-0.99639892578125 0.00909423828125 0.05914306640625
-0.998184204101562 0.01239013671875 0.056182861328125
-0.996871948242188 0.01690673828125 0.05352783203125
-1.00161743164062 0.018524169921875 0.050689697265625
-0.999710083007812 0.016571044921875 0.0494842529296875
-0.993270874023438 0.015228271484375 0.0471343994140625
-0.998626708984375 0.013458251953125 0.0482635498046875
-1.00141906738281 0.012664794921875 0.0509796142578125
-1.00035095214844 0.00982666015625 0.0522308349609375
-0.998626708984375 0.0072174072265625 0.057373046875
-0.998733520507812 0.005401611328125 0.05877685546875
-0.998886108398438 0.006195068359375 0.0578765869140625
-0.999374389648438 0.0091552734375 0.05780029296875
-0.998397827148438 0.0130615234375 0.0559539794921875
-0.99853515625 0.014617919921875 0.0552215576171875
-0.997879028320312 0.0169525146484375 0.0540618896484375
-0.99969482421875 0.0173187255859375 0.052215576171875
-0.999404907226562 0.01885986328125 0.050506591796875
-0.998641967773438 0.0173492431640625 0.0513458251953125
-0.998641967773438 0.0173492431640625 0.0513458251953125
-0.998260498046875 0.0163421630859375 0.0491790771484375
-0.9986572265625 0.0153350830078125 0.05267333984375
-0.99810791015625 0.011474609375 0.0532379150390625
-0.9991455078125 0.0103759765625 0.05511474609375
-0.998443603515625 0.0091094970703125 0.0582427978515625
-0.998886108398438 0.0100250244140625 0.0589752197265625
-0.999588012695312 0.0098114013671875 0.05596923828125
-0.997955322265625 0.0101165771484375 0.0526885986328125
-1.00001525878906 0.0110015869140625 0.052642822265625
-0.9989013671875 0.0109100341796875 0.0517578125
-0.999069213867188 0.01361083984375 0.051239013671875
-0.997695922851562 0.01409912109375 0.0498504638671875
-0.999267578125 0.0152587890625 0.054962158203125
-0.997848510742188 0.0153961181640625 0.05511474609375
-0.99920654296875 0.01611328125 0.0558929443359375
-0.998550415039062 0.015411376953125 0.0549774169921875
-0.99920654296875 0.015167236328125 0.056793212890625
-0.997207641601562 0.0171051025390625 0.05322265625
-0.99981689453125 0.01495361328125 0.05462646484375
-0.998886108398438 0.01287841796875 0.0530853271484375
-0.9996337890625 0.01171875 0.05316162109375
-0.998809814453125 0.0090789794921875 0.0536346435546875
-0.997650146484375 0.0089569091796875 0.0543060302734375
-0.999267578125 0.0085906982421875 0.0547637939453125
-0.999465942382812 0.00762939453125 0.0563812255859375
-0.998046875 0.008880615234375 0.0540008544921875
-0.997772216796875 0.0114593505859375 0.0552215576171875
-0.999176025390625 0.01458740234375 0.053314208984375
-0.99859619140625 0.014312744140625 0.05316162109375
-0.99847412109375 0.01617431640625 0.0532073974609375
-0.99951171875 0.017791748046875 0.0537109375
-0.998687744140625 0.0175933837890625 0.0531463623046875
-0.9986572265625 0.0172882080078125 0.05438232421875
-0.999298095703125 0.0159454345703125 0.055206298828125
-0.999038696289062 0.014312744140625 0.0545806884765625
-0.999267578125 0.0133514404296875 0.053741455078125
-0.997360229492188 0.0106658935546875 0.0548858642578125
-0.998931884765625 0.0094146728515625 0.055084228515625
-0.999740600585938 0.0119171142578125 0.048675537109375
-1.00065612792969 0.008026123046875 0.0627593994140625
-0.998870849609375 0.014862060546875 0.0410003662109375
-0.9967041015625 0.0061798095703125 0.0695343017578125
-1.00016784667969 0.00933837890625 0.0567474365234375
-0.997039794921875 0.008636474609375 0.063232421875
-0.999420166015625 0.0148162841796875 0.0457000732421875
-0.999786376953125 0.0136871337890625 0.0485382080078125
-0.998626708984375 0.0141754150390625 0.0541229248046875
-0.999099731445312 0.015625 0.04949951171875
-0.998687744140625 0.01470947265625 0.0571746826171875
-0.998336791992188 0.01080322265625 0.0513458251953125
-1.00389099121094 -0.0643768310546875 0.024017333984375
-0.997238159179688 -0.02178955078125 0.0377655029296875
-0.997879028320312 -0.007293701171875 0.039031982421875
-0.99810791015625 -0.0062408447265625 0.0418548583984375
-0.99810791015625 -0.0062408447265625 0.0418548583984375
-1.01023864746094 -0.033050537109375 0.0594482421875
-1.01023864746094 -0.033050537109375 0.0594482421875
-0.99957275390625 -0.0074310302734375 0.0501556396484375
-0.99957275390625 -0.0074310302734375 0.0501556396484375
-0.999313354492188 -0.0128173828125 0.0459136962890625
-0.999481201171875 -0.013458251953125 0.0452117919921875
-0.999313354492188 -0.006683349609375 0.042877197265625
-0.998916625976562 -0.0061492919921875 0.045379638671875
-0.998123168945312 -0.00311279296875 0.044097900390625
-0.998626708984375 -0.0089569091796875 0.037750244140625
-1.00071716308594 -0.0089111328125 0.0243072509765625
-1.00032043457031 -0.0027618408203125 0.02435302734375
-0.998733520507812 -0.001190185546875 0.04388427734375
-0.99847412109375 -0.001922607421875 0.04949951171875
-1.00199890136719 0.0061492919921875 0.05291748046875
-0.9971923828125 0.016693115234375 0.0481414794921875
-0.997268676757812 0.0123291015625 0.0422515869140625
-1.00267028808594 0.0018768310546875 0.041656494140625
-1.00126647949219 -0.0053558349609375 0.0348052978515625
-0.998565673828125 0.0112152099609375 0.029052734375
-0.997833251953125 0.0185394287109375 0.0412139892578125
-0.999588012695312 0.0087127685546875 0.058380126953125
-0.997650146484375 -0.00299072265625 0.0624237060546875
-0.999969482421875 -0.0045013427734375 0.0547637939453125
-1.00039672851562 0.00750732421875 0.0477447509765625
-0.998947143554688 0.0081634521484375 0.05169677734375
-0.998458862304688 0.005401611328125 0.0547027587890625
-0.998764038085938 0.0041351318359375 0.04730224609375
-0.998275756835938 0.0078125 0.0472564697265625
-0.999160766601562 0.0080718994140625 0.0407867431640625
-1.00071716308594 0.022613525390625 0.03363037109375
-0.998886108398438 0.0217437744140625 0.037200927734375
-0.9984130859375 0.0226593017578125 0.0457916259765625
-0.999099731445312 0.02801513671875 0.0606842041015625
-0.999282836914062 0.0274505615234375 0.0634613037109375
-0.998458862304688 0.0139617919921875 0.0617218017578125
-0.998260498046875 0.016357421875 0.058868408203125
-0.99749755859375 0.0221099853515625 0.06011962890625
-0.99951171875 0.021942138671875 0.0580596923828125
-0.9976806640625 0.012847900390625 0.060272216796875
-0.998199462890625 0.00701904296875 0.0683441162109375
-0.99835205078125 0.00933837890625 0.0582733154296875
-0.999038696289062 0.009796142578125 0.046142578125
-1.00019836425781 0.0028839111328125 0.04571533203125
-0.9986572265625 -0.0027618408203125 0.048614501953125
-0.998214721679688 0.0010986328125 0.0561676025390625
-0.997634887695312 0.0057220458984375 0.05059814453125
-1.00120544433594 0.0165252685546875 0.04461669921875
-0.99786376953125 0.022979736328125 0.041290283203125
-0.999191284179688 0.0166778564453125 0.0512542724609375
-0.996597290039062 0.009002685546875 0.0540313720703125
-1.00018310546875 0.0117950439453125 0.057464599609375
-0.99761962890625 0.019439697265625 0.058258056640625
-0.999130249023438 0.01910400390625 0.0610504150390625
-0.998825073242188 0.0106353759765625 0.062042236328125
-0.998443603515625 0.011138916015625 0.05621337890625
-0.998443603515625 0.011138916015625 0.05621337890625
-0.998001098632812 0.0190887451171875 0.0547637939453125
-0.998001098632812 0.0190887451171875 0.0547637939453125
-0.998443603515625 0.005767822265625 0.0616607666015625
-0.998443603515625 0.005767822265625 0.0616607666015625
-0.996841430664062 0.00946044921875 0.0543060302734375
-1.00100708007812 0.010528564453125 0.0585784912109375
-0.999664306640625 0.013702392578125 0.0428009033203125
-0.998291015625 -0.000640869140625 0.0475616455078125
-0.999710083007812 -0.0014495849609375 0.045013427734375
-0.999298095703125 0.013671875 0.0366058349609375
-0.999679565429688 0.0302276611328125 0.0372772216796875
-0.998748779296875 0.032958984375 0.0381011962890625
-0.999221801757812 0.015472412109375 0.050994873046875
-0.9990234375 0.0144805908203125 0.0532379150390625
-0.998550415039062 0.028045654296875 0.0459747314453125
-0.998153686523438 0.0296783447265625 0.044921875
-1.00088500976562 0.01202392578125 0.045867919921875
-0.9993896484375 0.00201416015625 0.0456085205078125
-0.997604370117188 -0.0031585693359375 0.0465850830078125
-0.999710083007812 -0.0073394775390625 0.0425872802734375
-0.999282836914062 -0.0020599365234375 0.0380706787109375
-0.999725341796875 -0.0029754638671875 0.0383453369140625
-0.999847412109375 -0.010650634765625 0.044342041015625
-0.99847412109375 -0.02178955078125 0.054656982421875
-0.996917724609375 -0.015838623046875 0.0461578369140625
-0.998855590820312 -0.0148162841796875 0.052734375
-0.999786376953125 -0.0102081298828125 0.0426025390625
-0.99957275390625 -0.01116943359375 0.042816162109375
-0.9990234375 -0.0160675048828125 0.0452880859375
-1.00010681152344 -0.008880615234375 0.04656982421875
-1.00022888183594 -0.0034027099609375 0.0497894287109375
-0.99945068359375 -0.0035858154296875 0.0458831787109375
-0.999191284179688 -0.00543212890625 0.0429840087890625
-0.99969482421875 -0.0006103515625 0.0548553466796875
-0.998733520507812 0.00518798828125 0.0520782470703125
-0.997421264648438 0.0069732666015625 0.0542755126953125
-1.00065612792969 0.003936767578125 0.060516357421875
-0.999557495117188 0.02471923828125 0.05340576171875
-0.999313354492188 0.0324249267578125 0.0516357421875
-0.9981689453125 0.02899169921875 0.06488037109375
-0.998016357421875 0.0195465087890625 0.0496673583984375
-0.99993896484375 0.0099029541015625 0.0384521484375
-1.0 0.0229034423828125 0.031036376953125
-0.99835205078125 0.0268707275390625 0.033233642578125
-1.00003051757812 0.0259857177734375 0.034088134765625
-0.9989013671875 0.02423095703125 0.048187255859375
-0.99908447265625 0.0262451171875 0.0613861083984375
-0.99810791015625 0.0183258056640625 0.060394287109375
-0.99853515625 0.007720947265625 0.0597076416015625
-0.999130249023438 0.0134429931640625 0.040802001953125
-1.0 0.0135650634765625 0.030670166015625
-0.999404907226562 0.01153564453125 0.0253143310546875
-1.00106811523438 0.00921630859375 0.0301361083984375
-1.00006103515625 0.0102691650390625 0.0331573486328125
-0.999618530273438 0.0148468017578125 0.030181884765625
-0.999862670898438 0.0165863037109375 0.0316314697265625
-0.999862670898438 0.0165863037109375 0.0316314697265625
-1.001220703125 0.0196380615234375 0.02740478515625
-1.001220703125 0.0196380615234375 0.02740478515625
-0.999221801757812 0.033294677734375 0.018951416015625
-1.00117492675781 0.0460968017578125 0.02398681640625
-1.00041198730469 0.0630645751953125 0.0285491943359375
-0.999313354492188 0.074615478515625 0.0423583984375
-0.997314453125 0.104324340820312 0.049224853515625
-0.996856689453125 0.15106201171875 0.0583038330078125
-0.9984130859375 0.1727294921875 0.0504302978515625
-0.999221801757812 0.15997314453125 0.0362091064453125
-0.998519897460938 0.111190795898438 0.0385589599609375
-1.00006103515625 0.0075836181640625 0.044708251953125
-0.99725341796875 0.0133056640625 0.04852294921875
-0.997360229492188 0.0129852294921875 0.0470733642578125
-0.999603271484375 0.0135650634765625 0.045379638671875
-1.00099182128906 0.0126953125 0.046112060546875
-0.998199462890625 0.0120849609375 0.0464324951171875
-0.998870849609375 0.01019287109375 0.0450439453125
-0.998764038085938 0.009490966796875 0.0447998046875
-0.999130249023438 0.0087432861328125 0.0459747314453125
-0.999420166015625 0.00927734375 0.0438079833984375
-0.99908447265625 0.0092620849609375 0.0447998046875
-0.999130249023438 0.0094757080078125 0.045745849609375
-0.998489379882812 0.0096282958984375 0.04632568359375
-0.998504638671875 0.0103759765625 0.045745849609375
-0.998809814453125 0.010955810546875 0.0440521240234375
-0.999465942382812 0.0106201171875 0.0430755615234375
-0.998565673828125 0.0113067626953125 0.0469512939453125
-0.999465942382812 0.0121917724609375 0.0467376708984375
-0.998870849609375 0.010589599609375 0.0474700927734375
-0.998855590820312 0.01025390625 0.045074462890625
-0.996871948242188 -0.0091705322265625 0.0543365478515625
-1.00286865234375 -0.085723876953125 0.039703369140625
-0.999267578125 -0.07232666015625 0.028350830078125
-0.99920654296875 -0.0580291748046875 0.0419158935546875
-1.00042724609375 -0.061248779296875 0.04931640625
-0.998779296875 -0.0728607177734375 0.0592803955078125
-1.00003051757812 -0.0701751708984375 0.0600433349609375
-0.997528076171875 -0.0676422119140625 0.045257568359375
-1.00196838378906 -0.07177734375 0.0399627685546875
-0.999237060546875 -0.0704345703125 0.03509521484375
-1.00010681152344 -0.0438385009765625 0.039154052734375
-0.9991455078125 0.0016021728515625 0.03912353515625
-0.99908447265625 0.023193359375 0.0424652099609375
-0.9984130859375 0.0336761474609375 0.0449066162109375
-0.99835205078125 0.0558319091796875 0.033477783203125
-0.9896240234375 0.0522918701171875 0.040924072265625
-1.03834533691406 0.034637451171875 0.102447509765625
-0.993240356445312 0.016815185546875 0.0088653564453125
-1.00028991699219 -0.01959228515625 0.040771484375
-1.00013732910156 -0.0249176025390625 0.0346221923828125
-1.00018310546875 -0.0187835693359375 0.0306854248046875
-1.00117492675781 -0.0103302001953125 0.0208892822265625
-0.9996337890625 -0.0090179443359375 0.0282440185546875
-0.99951171875 0.007232666015625 0.0330963134765625
-1.00137329101562 0.0165252685546875 0.035736083984375
-0.999862670898438 0.0256195068359375 0.024932861328125
-1.0 0.03326416015625 0.0196685791015625
-1.0 0.03326416015625 0.0196685791015625
-1.00050354003906 0.0515594482421875 0.0265350341796875
-1.00050354003906 0.0515594482421875 0.0265350341796875
-0.998306274414062 0.0482940673828125 0.02984619140625
-0.998306274414062 0.0482940673828125 0.02984619140625
-0.9990234375 0.0475006103515625 0.0376739501953125
-1.00062561035156 0.04034423828125 0.0305328369140625
-0.999313354492188 0.03338623046875 0.038604736328125
-0.9990234375 0.035736083984375 0.0391387939453125
-0.998626708984375 0.033660888671875 0.0519256591796875
-0.999130249023438 0.0506134033203125 0.0528717041015625
-0.999465942382812 0.0677947998046875 0.04888916015625
-0.99871826171875 0.0767364501953125 0.045806884765625
-0.998458862304688 0.0776824951171875 0.052978515625
-0.99908447265625 0.081451416015625 0.0523681640625
-0.997787475585938 0.085723876953125 0.050140380859375
-0.999923706054688 0.0196380615234375 0.041290283203125
-0.999832153320312 0.00970458984375 0.0509490966796875
-0.997894287109375 0.0077972412109375 0.047698974609375
-0.998992919921875 0.00701904296875 0.04339599609375
-0.99932861328125 0.006988525390625 0.0451812744140625
-0.99847412109375 0.006378173828125 0.0438995361328125
-0.998809814453125 0.00701904296875 0.042999267578125
-0.9990234375 0.006927490234375 0.0436553955078125
-0.999786376953125 0.0077362060546875 0.0454559326171875
-0.999237060546875 0.0073089599609375 0.046051025390625
-0.9991455078125 0.0071258544921875 0.045745849609375
-1.00007629394531 0.0077362060546875 0.047637939453125
-0.999710083007812 0.007781982421875 0.0460205078125
-0.99871826171875 0.007720947265625 0.04852294921875
-0.999847412109375 0.0075836181640625 0.0468292236328125
-1.0003662109375 0.0073699951171875 0.046722412109375
-0.998458862304688 0.00762939453125 0.0467987060546875
-0.99847412109375 0.0071868896484375 0.0470123291015625
-1.00166320800781 0.008209228515625 0.044921875
-0.999252319335938 0.007537841796875 0.0437774658203125
-0.999710083007812 0.00811767578125 0.0475921630859375
-0.999114990234375 0.0077667236328125 0.04510498046875
-0.999984741210938 0.0082550048828125 0.042572021484375
-1.00016784667969 0.007598876953125 0.0414581298828125
-0.999969482421875 0.0073394775390625 0.0446929931640625
-0.998626708984375 0.00909423828125 0.039703369140625
-0.997344970703125 0.00775146484375 0.0510406494140625
-0.998992919921875 0.006622314453125 0.04461669921875
-1.000244140625 0.0058441162109375 0.046234130859375
-0.998031616210938 0.0056915283203125 0.0471343994140625
-1.00007629394531 0.0059661865234375 0.0472869873046875
-0.999221801757812 0.0068511962890625 0.0466461181640625
-0.99847412109375 0.009063720703125 0.0409698486328125
-0.999420166015625 0.00848388671875 0.049530029296875
-0.997833251953125 0.010406494140625 0.0509796142578125
-0.998077392578125 0.047607421875 0.0442657470703125
-1.00068664550781 0.0666351318359375 0.0405120849609375
-1.0006103515625 0.0461273193359375 0.03277587890625
-0.999008178710938 0.0296173095703125 0.03485107421875
-0.999526977539062 0.01605224609375 0.0428466796875
-0.999679565429688 0.0222320556640625 0.045318603515625
-0.999679565429688 0.0222320556640625 0.045318603515625
-0.999465942382812 0.0479583740234375 0.04052734375
-0.999465942382812 0.0479583740234375 0.04052734375
-1.00077819824219 0.046051025390625 0.029937744140625
-0.999267578125 0.029876708984375 0.033294677734375
-0.99737548828125 0.0125579833984375 0.04644775390625
-0.999252319335938 0.0056610107421875 0.05194091796875
-0.997711181640625 0.0027008056640625 0.0558624267578125
-0.998855590820312 0.011749267578125 0.0597076416015625
-0.999053955078125 0.02325439453125 0.062408447265625
-0.997573852539062 0.0272064208984375 0.061187744140625
-0.998977661132812 0.0262451171875 0.0495452880859375
-0.99951171875 0.02935791015625 0.052490234375
-0.999374389648438 0.031280517578125 0.0448455810546875
-0.99969482421875 0.0186004638671875 0.0391693115234375
-0.999679565429688 0.0186767578125 0.03704833984375
-1.00001525878906 0.02642822265625 0.034271240234375
-0.9984130859375 0.0335693359375 0.0405731201171875
-0.998382568359375 0.03131103515625 0.04412841796875
-0.999404907226562 0.0281219482421875 0.0431976318359375
-1.00003051757812 0.022308349609375 0.033477783203125
-0.999649047851562 0.0147857666015625 0.0306243896484375
-0.999420166015625 0.0226593017578125 0.03125
-0.999908447265625 0.0303192138671875 0.035369873046875
-1.00053405761719 0.0348052978515625 0.0365753173828125
-0.998825073242188 0.0400238037109375 0.038665771484375
-0.998825073242188 0.034912109375 0.0367889404296875
-1.00041198730469 0.024261474609375 0.0362091064453125
-0.999252319335938 0.0186767578125 0.04168701171875
-0.999847412109375 0.0283050537109375 0.0442047119140625
-0.999176025390625 0.020751953125 0.05291748046875
-0.998245239257812 0.015228271484375 0.04949951171875
-0.999053955078125 0.01092529296875 0.044525146484375
-0.999374389648438 0.0048065185546875 0.0359954833984375
-1.00115966796875 0.0012359619140625 0.0322723388671875
-1.0006103515625 0.00201416015625 0.03460693359375
-0.999618530273438 0.00384521484375 0.030242919921875
-0.998779296875 0.0002899169921875 0.0308837890625
-1.000244140625 -0.005157470703125 0.044525146484375
-0.99993896484375 -0.0027313232421875 0.0511474609375
-0.998580932617188 0.0052642822265625 0.05242919921875
-1.00028991699219 0.0180511474609375 0.0445556640625
-0.998641967773438 0.01263427734375 0.0419158935546875
-0.999542236328125 0.0015716552734375 0.035491943359375
-1.00001525878906 0.0105133056640625 0.030487060546875
-1.00173950195312 0.0128936767578125 0.0393829345703125
-0.99908447265625 0.01007080078125 0.041259765625
-0.998703002929688 0.0093841552734375 0.0405731201171875
-0.998321533203125 0.0084228515625 0.0461883544921875
-0.99981689453125 0.0062103271484375 0.0435333251953125
-0.9991455078125 0.006622314453125 0.0304412841796875
-0.9989013671875 0.0088958740234375 0.0295257568359375
-0.999465942382812 0.0098114013671875 0.0304107666015625
-0.999465942382812 -0.0105743408203125 0.054656982421875
-0.999160766601562 -0.018157958984375 0.0657806396484375
-0.998382568359375 -0.013763427734375 0.0481109619140625
-0.999069213867188 -0.0056915283203125 0.0602874755859375
-0.999069213867188 -0.0056915283203125 0.0602874755859375
-0.998779296875 0.0001373291015625 0.03594970703125
-0.998779296875 0.0001373291015625 0.03594970703125
-0.998809814453125 -0.00177001953125 0.0332183837890625
-1.00025939941406 0.0113372802734375 0.031707763671875
-0.999847412109375 0.0348052978515625 0.0399169921875
-1.0009765625 0.043212890625 0.0360107421875
-0.998916625976562 0.036895751953125 0.0377960205078125
-0.999801635742188 0.0233612060546875 0.03521728515625
-0.998519897460938 0.0180206298828125 0.0469818115234375
-0.999038696289062 0.00811767578125 0.0465545654296875
-0.999847412109375 0.0090484619140625 0.041168212890625
-0.999099731445312 0.009796142578125 0.03424072265625
-1.00129699707031 0.0275115966796875 0.0255584716796875
-1.00013732910156 0.0322418212890625 0.016082763671875
-1.00202941894531 0.030029296875 0.0182342529296875
-0.9984130859375 0.033172607421875 0.0373382568359375
-0.999649047851562 0.025634765625 0.039398193359375
-0.999298095703125 0.02099609375 0.0447540283203125
-0.999526977539062 0.012939453125 0.0381927490234375
-1.00001525878906 0.0090789794921875 0.0334930419921875
-0.999832153320312 0.01092529296875 0.0376739501953125
-0.999618530273438 0.0299072265625 0.0485687255859375
-1.0006103515625 0.022308349609375 0.035888671875
-0.999923706054688 0.00689697265625 0.0321502685546875
-0.997467041015625 -0.0030517578125 0.0235595703125
-1.00007629394531 0.023895263671875 0.0396575927734375
-0.9990234375 0.018463134765625 0.051422119140625
-0.999679565429688 0.02349853515625 0.0489501953125
-0.998825073242188 0.021514892578125 0.043670654296875
-0.999755859375 0.02423095703125 0.0416259765625
-0.9993896484375 0.0167236328125 0.0382537841796875
-0.999298095703125 0.0123443603515625 0.0436248779296875
-0.999465942382812 0.0065460205078125 0.0476531982421875
-0.998580932617188 0.006927490234375 0.052337646484375
-0.99884033203125 0.0340576171875 0.05487060546875
-0.999176025390625 0.055450439453125 0.03076171875
-1.00027465820312 0.035064697265625 0.01373291015625
-1.00051879882812 0.0045623779296875 0.0240631103515625
-0.99945068359375 0.00390625 0.0514678955078125
-0.998016357421875 0.0101318359375 0.06060791015625
-0.998992919921875 -0.00628662109375 0.0546722412109375
-0.999786376953125 -0.009185791015625 0.037353515625
-1.00120544433594 0.0047760009765625 0.03289794921875
-0.99884033203125 0.0245208740234375 0.0407867431640625
-0.999496459960938 0.0313720703125 0.0396881103515625
-0.99957275390625 0.015625 0.05401611328125
-0.998809814453125 -0.0006561279296875 0.044525146484375
-0.99853515625 -0.0156707763671875 0.06005859375
-1.00010681152344 -0.0068206787109375 0.0445098876953125
-0.998245239257812 -0.0084381103515625 0.0504913330078125
-0.999343872070312 -0.00543212890625 0.049468994140625
-0.998443603515625 0.01971435546875 0.0550537109375
-0.99786376953125 0.0291290283203125 0.05145263671875
-0.999969482421875 0.02813720703125 0.055999755859375
-1.00015258789062 0.0142364501953125 0.0298614501953125
-0.998519897460938 0.0062103271484375 0.037933349609375
-0.998519897460938 0.0062103271484375 0.037933349609375
-0.999847412109375 -0.0048828125 0.065216064453125
-0.999847412109375 -0.0048828125 0.065216064453125
-0.999588012695312 0.0061187744140625 0.046417236328125
-0.998489379882812 0.009185791015625 0.0520782470703125
-0.998992919921875 0.0194091796875 0.046051025390625
-1.00056457519531 0.0124053955078125 0.0302581787109375
-0.998870849609375 0.0052642822265625 0.037322998046875
-0.999282836914062 -0.0046539306640625 0.05377197265625
-1.00009155273438 -0.0038909912109375 0.0515289306640625
-0.999053955078125 -0.001953125 0.0496978759765625
-0.999847412109375 -0.0210723876953125 0.040557861328125
-1.00062561035156 -0.008514404296875 0.0348358154296875
-1.00025939941406 -0.0163116455078125 0.038238525390625
-0.999298095703125 -0.0115814208984375 0.04498291015625
-0.998855590820312 -0.00152587890625 0.0586395263671875
-0.997589111328125 0.018157958984375 0.073883056640625
-0.995758056640625 0.030548095703125 0.0831451416015625
-1.00053405761719 0.0491180419921875 0.0604400634765625
-1.00096130371094 0.036895751953125 0.0201416015625
-1.00112915039062 0.0001983642578125 -0.0040283203125
-1.00152587890625 -0.0067138671875 0.006591796875
-0.999725341796875 -0.000946044921875 0.026397705078125
-0.998199462890625 0.01776123046875 0.0545501708984375
-0.999191284179688 0.0015869140625 0.0649566650390625
-0.998779296875 0.0316162109375 0.05718994140625
-0.998764038085938 0.036102294921875 0.051483154296875
-0.999664306640625 0.0211944580078125 0.05328369140625
-0.999404907226562 0.02874755859375 0.042755126953125
-0.998519897460938 0.0121002197265625 0.0427398681640625
-1.00015258789062 0.0182647705078125 0.0538787841796875
-0.999191284179688 0.0166473388671875 0.0238189697265625
-0.999359130859375 0.002227783203125 0.0601654052734375
-0.997955322265625 0.0111236572265625 0.057373046875
-0.99896240234375 -0.0042724609375 0.0547027587890625
-0.999755859375 0.014739990234375 0.045928955078125
-1.00003051757812 0.0248260498046875 0.0423736572265625
-0.999893188476562 0.01080322265625 0.0272674560546875
-0.999832153320312 -0.018707275390625 0.044830322265625
-0.998321533203125 -0.035552978515625 0.0571441650390625
-0.998519897460938 -0.0037078857421875 0.055450439453125
-0.99847412109375 -0.00750732421875 0.05841064453125
-0.998092651367188 0.009002685546875 0.049530029296875
-0.999588012695312 -0.000640869140625 0.05584716796875
-0.999176025390625 -0.003143310546875 0.056915283203125
-0.99896240234375 -0.0136260986328125 0.0476226806640625
-0.9981689453125 -0.033843994140625 0.05078125
-0.998626708984375 -0.0357818603515625 0.0708465576171875
-0.99969482421875 -0.0077972412109375 0.0568389892578125
-0.999069213867188 0.02117919921875 0.0605010986328125
-0.99786376953125 0.0310211181640625 0.052581787109375
-0.997802734375 0.017364501953125 0.0674285888671875
-0.998046875 -0.005859375 0.07049560546875
-0.999053955078125 -0.0090789794921875 0.0612030029296875
-0.998382568359375 0.0132598876953125 0.06005859375
-0.999130249023438 -0.01116943359375 0.05023193359375
-0.999710083007812 0.0035247802734375 0.0325775146484375
-0.999710083007812 0.0035247802734375 0.0325775146484375
-0.99847412109375 0.036163330078125 0.0537872314453125
-0.99847412109375 0.036163330078125 0.0537872314453125
-0.998428344726562 0.0291595458984375 0.053314208984375
-0.999191284179688 -0.0026397705078125 0.054107666015625
-0.998916625976562 -0.035919189453125 0.0585174560546875
-0.998092651367188 -0.0005645751953125 0.0639801025390625
-0.998855590820312 0.0093841552734375 0.068023681640625
-0.997406005859375 0.0027618408203125 0.0811767578125
-0.9971923828125 -0.014984130859375 0.0655059814453125
-0.998367309570312 0.010528564453125 0.0640869140625
-0.997344970703125 0.0048675537109375 0.074493408203125
-0.997222900390625 0.0336151123046875 0.077056884765625
-0.999649047851562 0.0242462158203125 0.0687103271484375
-0.998794555664062 -0.0148773193359375 0.062042236328125
-0.997894287109375 -0.004150390625 0.0644073486328125
-0.998443603515625 0.0173187255859375 0.072509765625
-0.998245239257812 0.03216552734375 0.066131591796875
-0.998672485351562 0.0164031982421875 0.060638427734375
-1.00003051757812 0.007781982421875 0.0531768798828125
-0.997650146484375 0.00494384765625 0.0610504150390625
-0.99871826171875 0.0207672119140625 0.066619873046875
-0.998046875 0.0201416015625 0.068603515625
-0.998855590820312 -0.0252532958984375 0.0584259033203125
-0.99822998046875 -0.0131988525390625 0.0695648193359375
-0.998947143554688 0.0074310302734375 0.0657958984375
-0.999435424804688 0.04595947265625 0.0614166259765625
-0.997802734375 0.0431060791015625 0.0679473876953125
-0.998748779296875 0.028839111328125 0.063751220703125
-0.998947143554688 0.03631591796875 0.051239013671875
-0.998870849609375 0.0012969970703125 0.056488037109375
-0.999618530273438 0.0182342529296875 0.0448455810546875
-0.999984741210938 0.000640869140625 0.041046142578125
-0.998291015625 0.0016937255859375 0.0520172119140625
-0.998779296875 0.013397216796875 0.0518646240234375
-0.99822998046875 0.02911376953125 0.063873291015625
-0.998321533203125 0.0421142578125 0.0731964111328125
-0.997726440429688 0.0586090087890625 0.0712738037109375
-0.997970581054688 0.0384063720703125 0.0694427490234375
-0.999282836914062 0.0201873779296875 0.0473785400390625
-0.997848510742188 -0.0235748291015625 0.04510498046875
-0.999267578125 -0.0172576904296875 0.062347412109375
-0.998947143554688 -0.014312744140625 0.0478057861328125
-0.9996337890625 -0.0043792724609375 0.0661163330078125
-0.9976806640625 0.0057220458984375 0.0601043701171875
-0.998703002929688 0.023406982421875 0.068572998046875
-0.998764038085938 0.0365753173828125 0.0671539306640625
-0.998886108398438 0.043853759765625 0.0551910400390625
-1.00030517578125 0.0309906005859375 0.0401763916015625
-0.999069213867188 0.0120391845703125 0.0424957275390625
-1.00006103515625 -0.010498046875 0.04998779296875
-0.999008178710938 -0.0366973876953125 0.0588531494140625
-0.99774169921875 -0.0489044189453125 0.0702667236328125
-0.998001098632812 -0.022125244140625 0.0742034912109375
-0.998733520507812 0.0120086669921875 0.06195068359375
-0.998733520507812 0.0120086669921875 0.06195068359375
-0.999954223632812 0.0173492431640625 0.0463409423828125
-0.999954223632812 0.0173492431640625 0.0463409423828125
-1.00051879882812 -0.01373291015625 0.038055419921875
-1.00051879882812 -0.01373291015625 0.038055419921875
-0.998687744140625 -0.064208984375 0.0562744140625
-1.00030517578125 -0.0359954833984375 0.0614776611328125
-0.998184204101562 -0.010986328125 0.05645751953125
-0.99810791015625 0.0277099609375 0.0550384521484375
-0.99945068359375 0.0467529296875 0.0546112060546875
-0.999404907226562 0.034271240234375 0.044769287109375
-1.0 0.0243072509765625 0.0459136962890625
-0.999542236328125 -0.00555419921875 0.042724609375
-0.99859619140625 -0.01947021484375 0.0527191162109375
-1.00022888183594 -0.0008392333984375 0.0542755126953125
-0.998794555664062 0.0245208740234375 0.0570526123046875
-0.997940063476562 0.007659912109375 0.0592803955078125
-0.999526977539062 0.0071258544921875 0.049285888671875
-0.999069213867188 0.015167236328125 0.04937744140625
-0.9979248046875 0.0113983154296875 0.0543975830078125
-0.99993896484375 0.0106353759765625 0.063934326171875
-0.999862670898438 -0.008544921875 0.057891845703125
-0.998794555664062 -0.041656494140625 0.0642852783203125
-0.99993896484375 -0.061859130859375 0.0475311279296875
-0.9998779296875 -0.052581787109375 0.0438079833984375
-0.998260498046875 -0.029693603515625 0.05517578125
-0.999481201171875 -0.0329742431640625 0.07080078125
-0.9979248046875 -0.02618408203125 0.0597686767578125
-0.999267578125 -0.0411834716796875 0.058319091796875
-0.999420166015625 -0.040924072265625 0.0615997314453125
-0.999282836914062 -0.0412139892578125 0.0628662109375
-0.99822998046875 -0.064788818359375 0.0552825927734375
-0.999237060546875 -0.05816650390625 0.0502471923828125
-1.00018310546875 -0.0309906005859375 0.052978515625
-0.998291015625 0.0035247802734375 0.0611114501953125
-0.997573852539062 0.00115966796875 0.06146240234375
-0.997970581054688 -0.013519287109375 0.057586669921875
-0.99847412109375 -0.03717041015625 0.061676025390625
-0.997116088867188 -0.0428009033203125 0.0650482177734375
-0.998382568359375 -0.03033447265625 0.0720367431640625
-0.998916625976562 -0.016693115234375 0.0658721923828125
-0.997711181640625 -0.0149383544921875 0.0640106201171875
-0.998275756835938 -0.0067901611328125 0.0654144287109375
-0.998794555664062 0.001800537109375 0.0638275146484375
-0.998062133789062 0.0005035400390625 0.0652008056640625
-0.997055053710938 0.0003814697265625 0.06695556640625
-0.998931884765625 0.0012969970703125 0.0652008056640625
-0.999252319335938 0.0021209716796875 0.0640869140625
-0.998641967773438 0.002227783203125 0.0648651123046875
-0.998321533203125 0.0024871826171875 0.0634613037109375
-0.998184204101562 0.0033721923828125 0.0643310546875
-0.99920654296875 0.0030517578125 0.0653076171875
-0.997817993164062 0.002166748046875 0.0638275146484375
-0.9989013671875 0.0030059814453125 0.064239501953125
-0.999649047851562 0.0017547607421875 0.0632781982421875
-0.998428344726562 0.001922607421875 0.0651702880859375
-0.998260498046875 0.0018310546875 0.06524658203125
-0.99859619140625 0.00201416015625 0.0631866455078125
-0.999404907226562 0.001983642578125 0.064544677734375
-0.999435424804688 0.0020294189453125 0.0691986083984375
-0.999435424804688 0.0020294189453125 0.0691986083984375
-0.999298095703125 0.00286865234375 0.0641937255859375
-1.00184631347656 0.001861572265625 0.0616455078125
-1.00419616699219 0.00469970703125 0.048583984375
-1.00469970703125 -0.0027008056640625 0.0728759765625
-0.996963500976562 0.0050811767578125 0.060394287109375
-0.986129760742188 -0.0025787353515625 0.037353515625
-0.999298095703125 0.0056610107421875 0.070953369140625
-0.999801635742188 -0.00372314453125 0.07073974609375
-0.996963500976562 0.0045013427734375 0.047149658203125
-0.99932861328125 0.000274658203125 0.061798095703125
-0.998992919921875 0.001861572265625 0.052642822265625
-0.997879028320312 0.0001373291015625 0.06109619140625
-1.00019836425781 0.0004119873046875 0.05706787109375
-0.998367309570312 0.0008087158203125 0.0588226318359375
-0.998306274414062 0.0019683837890625 0.057342529296875
-0.999893188476562 0.0021514892578125 0.0578460693359375
-0.99908447265625 0.0030517578125 0.0572662353515625
-0.998519897460938 0.0042877197265625 0.05731201171875
-0.997772216796875 0.0050201416015625 0.0555419921875
-0.998489379882812 0.00604248046875 0.0570220947265625
-0.99798583984375 0.007293701171875 0.05682373046875
-0.998016357421875 0.0081024169921875 0.0551300048828125
-0.998428344726562 0.00714111328125 0.0553436279296875
-0.997482299804688 0.0063934326171875 0.0540771484375
-0.998489379882812 0.0031280517578125 0.0529937744140625
-0.998931884765625 0.001556396484375 0.055511474609375
-0.998550415039062 -0.00128173828125 0.057830810546875
-0.997879028320312 -0.003570556640625 0.0587615966796875
-0.997772216796875 -0.005706787109375 0.0592498779296875
-0.999420166015625 -0.006439208984375 0.0603179931640625
-0.997406005859375 -0.0040435791015625 0.05926513671875
-1.0010986328125 -0.0037078857421875 0.0619659423828125
-1.00180053710938 -0.00244140625 0.0625457763671875
-1.00115966796875 -0.000579833984375 0.0628662109375
-0.996246337890625 0.002105712890625 0.063385009765625
-0.99603271484375 0.0039825439453125 0.0631561279296875
-0.999160766601562 0.0054779052734375 0.0629425048828125
-0.998306274414062 0.004119873046875 0.06134033203125
-0.997222900390625 0.0048980712890625 0.057708740234375
-0.997711181640625 0.003814697265625 0.0555267333984375
-0.999252319335938 0.003936767578125 0.053314208984375
-1.00350952148438 0.002288818359375 0.0533599853515625
-0.998458862304688 0.0032501220703125 0.0550689697265625
-0.996231079101562 0.0048675537109375 0.0581817626953125
-0.990264892578125 0.00384521484375 0.0555419921875
-1.00732421875 0.002197265625 0.0625762939453125
-0.99908447265625 0.0040283203125 0.06304931640625
-0.998260498046875 0.003875732421875 0.0635223388671875
-0.99969482421875 0.00286865234375 0.061767578125
-0.99981689453125 0.00054931640625 0.064056396484375
-0.998733520507812 -0.00140380859375 0.0604400634765625
-0.998397827148438 -0.0016632080078125 0.0622406005859375
-0.999603271484375 -0.0038299560546875 0.06036376953125
-0.999114990234375 -0.0034942626953125 0.05902099609375
-0.99884033203125 -0.0028533935546875 0.0578765869140625
-0.999755859375 -0.0036468505859375 0.057464599609375
-0.998504638671875 0.0001373291015625 0.0583648681640625
-0.998504638671875 0.0001373291015625 0.0583648681640625
-0.998947143554688 0.0007476806640625 0.0587310791015625
-1.00015258789062 0.003021240234375 0.0595703125
-0.99676513671875 0.0041046142578125 0.0605621337890625
-0.99981689453125 0.0049285888671875 0.0639190673828125
-0.99822998046875 0.0055389404296875 0.0637969970703125
-0.997451782226562 0.003387451171875 0.0645751953125
-0.997406005859375 0.003173828125 0.0632781982421875
-0.999679565429688 0.00299072265625 0.0632476806640625
-0.997573852539062 0.0015106201171875 0.062042236328125
-0.999526977539062 -1.52587890625e-05 0.06280517578125
-0.998382568359375 -0.0017242431640625 0.059234619140625
-0.99884033203125 -0.00054931640625 0.061187744140625
-0.996627807617188 -0.001312255859375 0.0597686767578125
-1.00146484375 -0.0017547607421875 0.062255859375
-0.999374389648438 -0.0011138916015625 0.0608367919921875
-0.998214721679688 -0.00054931640625 0.0603179931640625
-0.99981689453125 0.0003814697265625 0.060302734375
-0.998138427734375 0.002166748046875 0.0603179931640625
-0.996734619140625 0.003021240234375 0.0629730224609375
-0.995559692382812 0.0034332275390625 0.0650634765625
